708.2362,912.97534,707.4547,867.2603
708.8057,912.724,708.3084,863.13715
709.2754,912.4274,709.1632,859.0083
709.6411,912.0887,710.0192,854.8736
709.8991,911.7113,708.3084,863.13715
710.04724,911.2993,709.1632,859.0083
710.0843,910.85693,710.0192,854.8736
710.01025,910.3887,710.87634,850.7333
710.6756,905.8336,711.7348,846.58716
711.23206,901.2645,712.59436,842.4353
711.6826,896.6865,713.4551,838.27765
712.0317,892.10425,714.3171,834.11426
712.2841,887.52264,715.18024,829.94507
704.052,883.69617,709.26086,847.3092
704.90094,879.5957,706.7724,848.0354
705.751,875.4896,704.26935,848.76587
704.052,883.69617,701.75146,849.50073
704.90094,879.5957,699.2187,850.23987
705.751,875.4896,696.67084,850.98346
706.6023,871.3778,694.10785,851.73145
707.4547,867.2603,691.5294,852.4839
708.3084,863.13715,688.93567,853.2409
709.1632,859.0083,696.67084,850.98346
710.0192,854.8736,694.10785,851.73145
708.3084,863.13715,691.5295,852.4839
709.1632,859.0083,688.93567,853.2409
710.0192,854.8736,686.32623,854.00244
710.87634,850.7333,683.7011,854.76855
716.92065,838.2336,681.06006,855.5393
712.59436,842.4353,678.40295,856.3148
713.4551,838.27765,675.72974,857.095
714.3171,834.11426,673.04016,857.8799
715.18024,829.94507,687.19354,849.73096
709.26086,847.3092,688.062,845.4533
706.7724,848.0354,688.9317,841.16956
704.26935,848.76587,689.80273,836.87964
701.75146,849.50073,690.67505,832.5837
699.2187,850.23987,691.54846,828.2815
696.67084,850.98346,692.4232,823.973
694.10785,851.73145,693.2992,819.65845
691.5294,852.4839,694.1765,815.33765
688.93567,853.2409,695.05505,811.0106
696.67084,850.98346,695.9349,806.67737
694.10785,851.73145,695.9349,806.67737
691.5295,852.4839,696.8159,802.3379
688.93567,853.2409,697.69824,797.99207
678.7132,855.4011,698.58185,793.64
683.7011,854.76855,699.46674,789.28174
681.06006,855.5393,700.3529,784.9171
678.40295,856.3148,695.6124,787.65936
675.72974,857.095,691.78235,786.0472
673.04016,857.8799,687.9762,784.44507
687.19354,849.73096,684.1937,782.8529
688.062,845.4533,680.4349,781.2707
688.9317,841.16956,676.6992,779.69824
689.80273,836.87964,672.9867,778.13556
690.67505,832.5837,676.6992,779.69824
691.54846,828.2815,672.9867,778.1355
692.4232,823.973,669.2969,776.5824
693.2992,819.65845,665.6298,775.0388
694.1765,815.33765,661.98517,773.50464
695.05505,811.0106,658.36273,771.9799
695.9349,806.67737,654.7623,770.4645
695.9349,806.67737,651.1838,768.95807
696.8159,802.3379,658.36273,771.9799
697.69824,797.99207,654.7623,770.46436
698.58185,793.64,651.1838,768.9581
704.4884,792.35724,647.62683,767.4608
700.3529,784.9171,644.09125,765.97266
699.6318,792.75195,640.577,764.4934
691.78235,786.0472,637.08374,763.023
687.9762,784.44507,633.6114,761.5614
686.4501,790.5274,640.577,764.4934
682.05005,789.6526,637.08374,763.023
677.65643,788.6992,633.6114,761.5614
672.9867,778.13556,630.15967,760.10846
676.2858,789.6999,626.7285,758.6642
671.9034,788.4639,623.31757,757.22845
669.2969,776.5824,619.9268,755.8013
665.6298,775.0388,616.556,754.38226
658.96985,784.16864,613.2049,752.97174
658.36273,771.9799,629.37994,758.2118
654.7623,770.4645,632.01624,757.762
651.1838,768.95807,634.63763,757.3148
658.36273,771.9799,637.2442,756.87
654.7623,770.46436,639.83606,756.4278
651.1838,768.9581,642.4133,755.98804
647.62683,767.4608,644.97626,755.55084
644.09125,765.97266,647.5247,755.11597
640.577,764.4934,650.059,754.6836
637.08374,763.023,642.4133,755.98804
633.6114,761.5614,644.9762,755.5508
640.577,764.4934,647.5247,755.11597
637.08374,763.023,650.059,754.6836
633.6114,761.5614,652.5793,754.2536
630.15967,760.10846,655.0855,753.826
626.7285,758.6642,657.5779,753.40076
623.31757,757.22845,660.0566,752.9778
619.9268,755.8013,662.5216,752.55725
616.556,754.38226,664.9731,752.139
613.2049,752.97174,653.35864,750.23926
629.37994,758.2118,654.139,746.2196
632.01624,757.762,654.9204,742.1946
634.63763,757.3148,655.7028,738.1643
637.2442,756.87,656.4863,734.12866
639.83606,756.4278,657.2708,730.08765
642.4133,755.98804,658.0564,726.04126
644.97626,755.55084,658.843,721.9895
647.5247,755.11597,659.6306,717.9324
650.059,754.6836,660.4194,713.86975
642.4133,755.98804,661.20905,709.8019
644.9762,755.5508,661.20905,709.8019
647.5247,755.11597,661.9999,705.7285
650.059,754.6836,662.7917,701.64966
650.1256,756.62573,663.58466,697.5654
655.0855,753.826,664.3786,693.4757
657.5779,753.40076,665.17365,689.3806
660.0566,752.9778,661.8663,693.7389
662.5216,752.55725,659.33984,694.0036
664.9731,752.139,656.79895,694.2698
653.35864,750.23926,654.2438,694.5375
654.139,746.2196,651.674,694.80664
654.9204,742.1946,649.0895,695.0774
655.7028,738.1643,646.49023,695.3497
656.4863,734.12866,649.0895,695.0774
657.2708,730.08765,646.49023,695.34973
658.0564,726.04126,643.87604,695.62354
658.843,721.9895,641.2468,695.89905
659.6306,717.9324,638.6023,696.176
660.4194,713.86975,635.94257,696.4547
661.20905,709.8019,633.26746,696.73486
661.20905,709.8019,630.5765,697.01685
661.9999,705.7285,635.94257,696.4547
662.7917,701.64966,633.26733,696.735
663.58466,697.5654,630.57654,697.01685
670.1959,702.0638,627.87,697.30035
665.17365,689.3806,625.1476,697.5856
668.9288,700.9066,622.4092,697.87244
659.33984,694.0036,619.65466,698.161
664.8326,699.73584,616.8837,698.4513
662.6453,699.0575,622.4092,697.87244
660.3595,698.3292,619.65466,698.161
657.97186,697.5609,616.8838,698.4513
646.49023,695.3497,614.0965,698.7433
658.0846,695.3938,611.2926,699.037
655.4119,694.5721,608.472,699.3325
643.87604,695.62354,605.6345,699.6297
649.75305,692.9496,602.78,699.9288
638.6023,696.176,599.90826,700.2296
643.69055,691.42896,608.472,699.3325
633.26746,696.73486,605.6345,699.62976
637.2542,690.0956,602.77997,699.9288
641.97034,688.74194,599.90826,700.2296
638.59686,688.24854,597.0192,700.5322
635.1542,687.83813,594.11273,700.8368
627.87,697.30035,591.1885,701.14307
628.0921,687.2953,588.2464,701.4513
622.4092,697.87244,585.28644,701.76135
619.65466,698.161,597.8259,696.1328
616.8837,698.4513,598.6338,691.72705
622.4092,697.87244,599.4428,687.31494
619.65466,698.161,600.253,682.8964
616.8838,698.4513,601.0644,678.47156
614.0965,698.7433,601.8769,674.04034
611.2926,699.037,602.69055,669.6027
608.472,699.3325,603.50543,665.15875
605.6345,699.6297,604.3215,660.70825
602.78,699.9288,605.13873,656.25134
599.90826,700.2296,601.8769,674.04034
608.472,699.3325,602.6906,669.6027
605.6345,699.62976,603.50543,665.15875
602.77997,699.9288,604.3215,660.70825
599.90826,700.2296,605.13873,656.2514
589.9085,701.3685,605.95715,651.7881
594.11273,700.8368,606.77673,647.31824
591.1885,701.14307,607.5975,642.842
588.2464,701.4513,608.41956,638.35925
585.28644,701.76135,609.2426,633.87
595.9123,698.437,610.067,629.37415
597.87256,694.22797,610.067,629.37415
599.8441,689.98584,610.8926,624.8718
601.8149,685.7098,611.71936,620.363
603.7727,681.3992,612.54736,615.84753
605.70544,677.05383,613.37646,611.3255
602.69055,669.6027,614.20685,606.7969
609.4492,668.25934,614.20685,606.7969
604.3215,660.70825,615.03845,602.2617
605.13873,656.25134,615.8712,597.71985
610.4536,677.243,616.70526,593.1714
612.00226,672.715,617.54047,588.6163
613.457,668.1565,618.37695,584.05444
604.3215,660.70825,619.2146,579.486
616.05945,658.95496,618.37695,584.05444
617.19745,654.31604,619.21466,579.486
618.22205,649.65454,620.0535,574.9108
619.1313,644.9729,620.89374,570.329
619.9246,640.2732,621.7351,565.7404
620.6022,635.5579,622.5777,561.1451
610.067,629.37415,623.4215,556.54297
620.78754,630.5789,624.26666,551.93414
621.1331,625.8322,622.5777,561.1451
621.3764,621.0789,623.4216,556.54297
621.52374,616.321,624.26666,551.93414
621.5818,611.56024,625.113,547.31854
621.55835,606.79877,625.9606,542.69604
620.6326,606.53613,626.8094,538.0669
615.03845,602.2617,627.6594,533.4307
620.25903,597.0302,628.5108,528.78784
620.0017,592.2844,626.8094,538.0669
619.71185,587.5448,627.6595,533.4308
619.40015,582.81226,628.5108,528.78784
619.2146,579.486,629.3634,524.1381
617.1005,582.41644,630.2173,519.48145
616.7909,577.72217,631.0724,514.81793
620.0535,574.9108,631.9288,510.14752
616.2534,568.3632,632.78644,505.47015
621.7351,565.7404,633.6454,500.7859
615.897,559.0436,631.0724,514.818
623.4215,556.54297,631.9288,510.14752
615.8034,549.7613,632.78644,505.47015
613.3829,558.85535,633.6454,500.7859
613.5453,554.26605,634.5055,496.0946
613.8064,549.6848,635.36707,491.39642
625.113,547.31854,636.22974,486.69116
614.6485,540.54333,637.0938,481.979
626.8094,538.0669,637.9591,477.25983
627.6594,533.4307,635.36707,491.39642
616.7748,526.86896,636.22974,486.69116
615.19446,536.2503,637.0938,481.979
616.2557,531.7354,637.9591,477.25983
617.4349,527.2208,638.82574,472.53363
618.72974,522.70526,639.69366,467.80035
630.2173,519.48145,640.5628,463.06
621.64874,513.6672,641.43335,458.31262
631.9288,510.14752,642.3052,453.5581
632.78644,505.47015,643.1782,448.79657
633.6454,500.7859,639.69366,467.80035
625.17505,514.4264,640.56287,463.06
627.09406,509.91656,641.43335,458.31262
629.06696,505.39685,642.3052,453.5581
631.0825,500.86646,643.1783,448.7965
633.1286,496.32483,644.0527,444.02783
635.19293,491.7713,644.92834,439.252
636.22974,486.69116,645.80536,434.46893
639.32574,482.62683,646.6837,429.6787
637.9591,477.25983,647.5634,424.88135
639.8697,492.49902,648.44434,420.07684
636.22974,486.69116,650.4231,425.43225
637.0938,481.979,653.26483,425.9796
637.9591,477.25983,656.08887,426.52356
638.82574,472.53363,658.8952,427.0642
639.69366,467.80035,661.68414,427.60138
640.5628,463.06,664.4558,428.13538
641.43335,458.31262,664.4558,428.13538
642.3052,453.5581,667.21045,428.6659
643.1782,448.79657,669.948,429.1933
639.69366,467.80035,672.6688,429.71735
640.56287,463.06,675.3729,430.23828
641.43335,458.31262,678.0606,430.75604
642.3052,453.5581,680.732,431.27063
643.1783,448.7965,678.0606,430.75604
644.0527,444.02783,680.732,431.27063
644.92834,439.252,683.3871,431.78198
645.80536,434.46893,686.0261,432.2904
646.6837,429.6787,688.64935,432.79565
656.59845,428.54962,691.2568,433.2979
648.44434,420.07684,693.84863,433.79718
660.0965,426.72546,696.42487,434.2934
663.1087,426.0669,691.2568,433.2979
666.0038,425.41156,693.8486,433.79718
668.7811,424.77142,696.42487,434.29346
671.4416,424.1585,698.98584,434.7868
673.98663,423.58405,701.5317,435.27716
673.6719,422.50696,704.0624,435.76465
676.01215,422.04236,706.5782,436.24927
678.2478,421.6474,709.0791,436.73102
680.3844,421.3308,704.0624,435.76465
682.4284,421.10065,706.5781,436.24927
684.3869,420.96362,709.0791,436.73102
686.2678,420.9256,711.5654,437.20996
682.7607,419.89514,714.0372,437.6861
684.54266,420.07343,716.4945,438.15942
686.27295,420.36206,718.93756,438.63
687.9614,420.7625,721.3665,439.09784
688.64935,432.79565,723.78125,439.56305
691.2568,433.2979,710.2841,437.18903
693.84863,433.79718,706.5537,436.69507
696.42487,434.2934,702.8457,436.2041
691.2568,433.2979,699.16003,435.716
693.8486,433.79718,695.49634,435.23083
696.42487,434.29346,691.85455,434.7486
698.98584,434.7868,688.23444,434.26923
701.5317,435.27716,684.63574,433.79266
704.0624,435.76465,681.0583,433.31897
706.5782,436.24927,691.85455,434.7486
709.0791,436.73102,688.23444,434.26923
704.0624,435.76465,684.63574,433.79266
706.5781,436.24927,681.0583,433.31897
709.0791,436.73102,677.50195,432.84796
711.5654,437.20996,673.9665,432.37982
717.119,426.89307,670.4518,431.9143
716.4945,438.15942,666.9576,431.45166
718.93756,438.63,663.48364,430.99164
721.3665,439.09784,660.03,430.5343
723.78125,439.56305,673.9665,432.37982
715.7245,429.1568,670.4518,431.9143
712.3168,429.49603,666.9576,431.45166
708.8767,429.90417,663.48364,430.99164
705.4014,430.37183,660.03,430.5343
701.88885,430.88916,656.5964,430.07965
698.33734,431.44592,653.1825,429.6275
694.7458,432.03156,649.7883,429.17804
691.11365,432.63544,646.4136,428.73114
687.4409,433.24695,643.0581,428.28687
698.0529,435.75427,639.7219,427.84503
688.23444,434.26923,643.8249,424.09113
684.63574,433.79266,644.5928,419.8899
681.0583,433.31897,645.3615,415.68317
677.50195,432.84796,646.1314,411.4709
673.9665,432.37982,646.9022,407.2531
670.4518,431.9143,647.674,403.02972
666.9576,431.45166,647.674,403.02972
663.48364,430.99164,648.4469,398.80078
660.03,430.5343,649.22076,394.56635
673.9665,432.37982,649.99567,390.32623
670.4518,431.9143,650.7716,386.0805
666.9576,431.45166,651.5485,381.82928
663.48364,430.99164,652.32654,377.57233
660.03,430.5343,651.5485,381.82928
656.5964,430.07965,652.32654,377.57233
653.1825,429.6275,653.1055,373.30988
649.7883,429.17804,653.88556,369.04163
646.4136,428.73114,654.6666,364.76782
646.44214,429.06476,655.4487,360.4884
639.7219,427.84503,656.2318,356.20325
645.18475,424.6137,657.01605,351.91235
644.5928,419.8899,652.14777,364.11096
645.3615,415.68317,649.61475,363.45038
646.1314,411.4709,647.06757,362.78613
646.9022,407.2531,644.50604,362.1181
647.674,403.02972,641.93,361.44635
647.674,403.02972,639.3394,360.7707
648.4469,398.80078,636.73413,360.0912
649.22076,394.56635,634.11383,359.4079
649.99567,390.32623,639.3394,360.7707
650.7716,386.0805,636.7341,360.0912
651.5485,381.82928,634.1139,359.4079
652.32654,377.57233,631.47876,358.7207
651.5485,381.82928,628.8285,358.02954
652.32654,377.57233,626.1631,357.33447
653.1055,373.30988,623.4823,356.6353
653.88556,369.04163,620.78595,355.93213
654.6666,364.76782,618.074,355.2249
655.4487,360.4884,626.1631,357.33447
656.2318,356.20325,623.4823,356.6353
657.01605,351.91235,620.78595,355.93213
645.79474,358.17096,618.074,355.2249
642.6975,358.41907,615.3463,354.51355
639.65466,358.71832,612.6027,353.7981
636.6709,359.0597,609.84314,353.07843
633.75037,359.43304,607.06726,352.35443
639.3394,360.7707,604.27515,351.62628
628.11115,360.2351,612.6027,353.7981
625.3965,360.64258,609.84314,353.07837
630.62897,363.0553,607.0673,352.3545
628.1021,363.43457,604.27515,351.62628
625.64624,363.78302,601.4665,350.89386
623.25977,364.08997,598.64136,350.15704
620.94025,364.3454,595.7994,349.4159
618.6846,364.53955,592.9404,348.67035
623.4823,356.6353,590.0645,347.92035
620.78595,355.93213,587.1713,347.16583
618.074,355.2249,598.64136,350.15704
621.0361,367.22168,595.7994,349.41595
619.08624,366.99585,592.9404,348.67035
617.1665,366.66486,590.0645,347.92035
615.2692,366.22418,587.1713,347.16583
615.3463,354.51355,590.6403,347.39545
612.6027,353.7981,594.1311,347.62646
609.84314,353.07843,597.6436,347.85907
607.06726,352.35443,601.1783,348.09296
604.27515,351.62628,604.73535,348.32837
612.6027,353.7981,608.3149,348.5653
609.84314,353.07837,608.3149,348.5653
607.0673,352.3545,611.9171,348.80377
604.27515,351.62628,615.54236,349.0437
601.4665,350.89386,619.19073,349.28522
598.64136,350.15704,622.86255,349.52826
595.7994,349.4159,626.5579,349.7729
592.9404,348.67035,626.5579,349.7729
590.0645,347.92035,630.2773,350.01904
587.1713,347.16583,634.02057,350.26678
598.64136,350.15704,637.7882,350.51624
595.7994,349.41595,641.58044,350.7672
592.9404,348.67035,645.3975,351.0199
590.0645,347.92035,649.2395,351.27417
582.94354,357.46106,645.3975,351.0199
585.79865,357.1253,649.2395,351.27417
588.7246,356.6892,653.1069,351.53015
591.7276,356.15857,656.9998,351.7879
594.8135,355.54034,660.9185,352.04724
597.98724,354.8423,664.86316,352.30835
608.3149,348.5653,668.8342,352.57117
601.016,352.98914,672.83185,352.83582
611.9171,348.80377,661.81964,347.13263
615.54236,349.0437,662.7221,342.2105
619.19073,349.28522,663.62604,337.281
622.86255,349.52826,664.5313,332.344
626.5579,349.7729,665.438,327.39935
626.5579,349.7729,666.346,322.4472
630.2773,350.01904,667.2554,317.48755
634.02057,350.26678,668.16626,312.52032
637.7882,350.51624,666.346,322.4472
641.58044,350.7672,667.25543,317.48755
645.3975,351.0199,668.16626,312.52032
649.2395,351.27417,669.0784,307.54553
645.3975,351.0199,669.992,302.56305
649.2395,351.27417,670.90704,297.573
653.1069,351.53015,671.82336,292.57532
656.9998,351.7879,672.7413,287.56995
660.9185,352.04724,673.6604,282.5569
664.86316,352.30835,670.90704,297.573
668.8342,352.57117,671.8234,292.57538
672.83185,352.83582,672.7413,287.56995
654.50415,345.09058,673.6604,282.5569
656.42346,340.19153,674.58105,277.5362
658.41223,335.29785,675.50305,272.5077
664.5313,332.344,676.42645,267.47156
662.5533,325.5288,677.3514,262.4276
666.346,322.4472,678.2777,257.37592
667.2554,317.48755,675.50305,272.5077
668.9899,310.9267,676.4265,267.47156
668.3749,321.153,677.3514,262.4276
670.5045,316.3296,678.2777,257.37592
672.60425,311.5114,679.2054,252.31647
674.6614,306.69794,680.1346,247.24915
669.992,302.56305,681.0651,242.17401
678.6004,297.0833,681.99713,237.09113
671.82336,292.57532,682.93066,232.00037
672.7413,287.56995,683.86554,226.90167
673.6604,282.5569,682.03973,253.43951
670.90704,297.573,684.85583,254.55536
671.8234,292.57538,687.6539,255.664
672.7413,287.56995,690.43396,256.76556
673.6604,282.5569,693.19635,257.8601
674.58105,277.5362,695.94116,258.94775
675.50305,272.5077,698.6686,260.0285
676.42645,267.47156,701.3788,261.10242
677.3514,262.4276,704.0719,262.16943
678.2777,257.37592,706.7481,263.22986
675.50305,272.5077,709.4076,264.2837
676.4265,267.47156,709.4076,264.2837
677.3514,262.4276,712.0504,265.3308
678.2777,257.37592,714.6769,266.37152
688.9454,254.08502,717.28705,267.40582
680.1346,247.24915,719.8811,268.4336
681.0651,242.17401,722.4591,269.45514
681.99713,237.09113,722.4591,269.45514
682.93066,232.00037,725.02124,270.4704
683.86554,226.90167,727.56775,271.4795
692.25867,247.78845,730.09875,272.48224
694.78217,247.82709,732.6144,273.479
697.18854,247.9331,735.1146,274.4698
699.48175,248.1159,737.59985,275.4544
701.6677,248.38397,735.1146,274.4698
703.7525,248.74518,737.5998,275.4544
705.74347,249.20587,740.06995,276.43323
707.6486,249.77142,742.5253,277.40613
709.4763,250.44598,744.9659,278.37317
711.2358,251.2326,747.3919,279.33447
712.9368,252.13281,749.8034,280.28998
711.94904,252.05975,752.20074,281.23987
712.0504,265.3308,748.93286,278.38843
714.6769,266.37152,752.92456,278.4038
717.28705,267.40582,756.9414,278.4192
719.8811,268.4336,760.9836,278.43475
722.4591,269.45514,765.05133,278.45032
722.4591,269.45514,769.1448,278.46606
725.02124,270.4704,773.26434,278.48193
727.56775,271.4795,777.41016,278.49786
730.09875,272.48224,781.58264,278.51385
732.6144,273.479,777.41016,278.49786
735.1146,274.4698,773.26434,278.48193
737.59985,275.4544,769.1448,278.46606
735.1146,274.4698,765.05133,278.45032
737.5998,275.4544,760.9836,278.43475
740.06995,276.43323,756.9414,278.4192
742.5253,277.40613,752.92456,278.4038
744.9659,278.37317,748.93286,278.38843
747.3919,279.33447,760.9836,278.43475
749.8034,280.28998,756.9414,278.4192
752.20074,281.23987,752.92456,278.4038
743.5574,272.85114,748.93286,278.38843
758.24396,270.15594,744.9659,278.37317
762.6001,271.05817,741.02356,278.3581
766.92114,272.0382,737.1057,278.34296
771.20447,273.0869,733.21185,278.32806
769.1448,278.46606,729.342,278.31317
773.26434,278.48193,744.06085,283.03522
777.41016,278.49786,743.1571,287.6906
781.58264,278.51385,742.2546,292.33936
777.41016,278.49786,741.35333,296.9815
773.26434,278.48193,740.4534,301.61707
769.1448,278.46606,739.5547,306.24597
765.05133,278.45032,738.65735,310.8684
760.9836,278.43475,737.7612,315.4843
756.9414,278.4192,736.86633,320.09363
752.92456,278.4038,735.97284,324.6964
748.93286,278.38843,739.5547,306.24597
760.9836,278.43475,738.65735,310.8684
756.9414,278.4192,737.7612,315.4843
752.92456,278.4038,736.8664,320.09363
748.93286,278.38843,735.97284,324.6964
755.22125,280.45947,735.0805,329.29272
741.02356,278.3581,734.18945,333.8825
737.1057,278.34296,733.2996,338.46582
733.21185,278.32806,732.4111,343.04266
729.342,278.31317,731.5238,347.61298
750.4545,285.39313,730.63776,352.177
748.56195,289.99774,730.63776,352.177
746.62134,294.56628,729.753,356.7345
744.6426,299.10065,728.86945,361.28564
742.6364,303.6026,727.9871,365.83026
740.6133,308.07465,727.1061,370.3686
738.5839,312.5191,726.2262,374.90057
736.5592,316.93884,726.2262,374.90057
736.86633,320.09363,725.34766,379.42615
732.56616,325.71558,724.4703,383.94543
735.03033,307.27722,723.59424,388.45825
733.12024,311.65436,722.7193,392.96484
731.26666,316.02002,721.84564,397.4652
729.47845,320.3775,720.97314,401.9591
727.7642,324.73016,720.10187,406.44684
726.1317,329.08136,719.2319,410.92828
724.58795,333.43414,718.36304,415.4035
723.13934,337.79163,717.49554,419.87244
721.79126,342.15674,717.49554,419.87244
720.5482,346.53204,716.6291,424.3352
719.41376,350.9201,715.7639,428.7917
719.2643,350.77942,714.8999,433.242
718.3532,355.2008,714.0372,437.6861
717.55505,359.64038,713.1756,442.12396
716.8694,364.09967,712.3152,446.5558
727.1061,370.3686,717.8131,438.1861
726.2262,374.90057,721.612,438.68915
726.2262,374.90057,725.4343,439.19537
725.34766,379.42615,729.2801,439.7046
724.4703,383.94543,733.1494,440.21704
723.59424,388.45825,737.0429,440.73254
722.7193,392.96484,740.96045,441.25128
721.84564,397.4652,737.0429,440.73254
720.97314,401.9591,740.96045,441.25128
720.10187,406.44684,744.90234,441.77332
719.2319,410.92828,748.8689,442.29858
718.36304,415.4035,752.8602,442.82715
717.49554,419.87244,756.8767,443.359
717.49554,419.87244,760.91846,443.89423
716.6291,424.3352,764.9858,444.4328
715.7639,428.7917,756.8767,443.359
714.8999,433.242,760.91846,443.89423
720.38446,432.93347,764.9858,444.4328
713.1756,442.12396,769.0788,444.97485
712.3152,446.5558,773.198,445.52026
724.26685,436.60632,777.3433,446.0692
727.9661,438.21185,781.5153,446.6217
731.6226,439.83093,785.71405,447.17773
735.2383,441.45288,789.9399,447.7373
738.81586,443.06696,777.3433,446.0692
742.3585,444.66235,781.5153,446.6217
745.8704,446.22858,785.71405,447.17773
741.52704,446.6855,789.9399,447.7373
744.9437,448.14996,794.19305,448.30054
748.3435,449.55554,798.4737,448.86737
751.7322,450.8932,802.7823,449.43793
755.11597,452.15472,807.1191,450.0122
758.5016,453.3321,811.4841,450.5902
760.91846,443.89423,791.8114,447.82672
764.9858,444.4328,789.4148,447.34985
756.8767,443.359,787.0031,446.87006
760.91846,443.89423,784.5763,446.38715
764.9858,444.4328,782.1341,445.9013
769.0788,444.97485,779.6763,445.41235
773.198,445.52026,777.203,444.92023
777.3433,446.0692,774.7137,444.425
781.5153,446.6217,772.2086,443.92664
785.71405,447.17773,769.6874,443.42493
789.9399,447.7373,779.6763,445.41235
777.3433,446.0692,777.2029,444.92023
781.5153,446.6217,774.71375,444.425
785.71405,447.17773,772.2086,443.92664
789.9399,447.7373,769.6874,443.42493
802.20825,439.22803,767.14996,442.9201
798.4737,448.86737,764.59607,442.412
802.7823,449.43793,762.0257,441.90057
807.1191,450.0122,759.43835,441.38586
811.4841,450.5902,756.8343,440.86774
795.2193,436.13367,754.21313,440.34625
791.76416,435.43903,751.5747,439.82135
788.2695,434.8606,748.9189,439.2929
784.7457,434.39996,746.2455,438.76105
781.204,434.05725,743.5544,438.2256
777.655,433.83136,740.8453,437.68665
774.10974,433.72034,740.8453,437.68665
770.57837,433.72064,738.11804,437.14398
767.0714,433.82776,735.37256,436.59784
763.5985,434.03625,732.6086,436.04785
772.73895,436.95374,729.826,435.49426
769.44684,437.34442,727.0245,434.93683
766.2151,437.81238,724.20386,434.37573
772.2086,443.92664,728.81866,440.61914
769.6874,443.42493,727.81305,445.73584
767.14996,442.9201,726.809,450.8443
764.59607,442.412,725.80664,455.94464
762.0257,441.90057,724.8057,461.03674
759.43835,441.38586,723.8065,466.1208
756.8343,440.86774,722.8089,471.19666
754.21313,440.34625,723.8065,466.12085
751.5747,439.82135,722.8089,471.19666
748.9189,439.2929,721.81287,476.26447
746.2455,438.76105,720.8185,481.32428
743.5544,438.2256,719.8255,486.37592
740.8453,437.68665,718.8343,491.41956
740.8453,437.68665,717.8445,496.45514
738.11804,437.14398,716.8564,501.48273
735.37256,436.59784,718.8343,491.41956
732.6086,436.04785,717.8445,496.45514
739.02765,436.56805,716.8564,501.48273
727.0245,434.93683,715.8698,506.50232
724.20386,434.37573,714.8848,511.51398
740.3488,442.1834,713.90137,516.5177
727.81305,445.73584,712.91943,521.5135
739.2976,452.68347,711.93915,526.5014
738.5889,457.8777,710.9603,531.48145
737.7549,463.03278,713.90137,516.5177
736.7945,468.14777,712.91943,521.5135
722.8089,471.19666,711.93915,526.5014
736.51184,468.11133,710.9603,531.4814
735.173,473.13367,709.98315,536.45355
733.7163,478.11664,709.0074,541.4178
720.8185,481.32428,708.0332,546.3742
730.471,487.96967,707.06067,551.3228
728.69586,492.84332,706.0896,556.2637
717.8445,496.45514,709.0074,541.4178
724.8806,502.49658,708.03326,546.3742
725.81555,492.32556,707.06067,551.3228
723.7219,497.12256,706.0896,556.2637
721.57666,501.898,705.12006,561.1967
719.391,506.6554,704.152,566.1221
714.8848,511.51398,703.1854,571.03955
714.9451,516.1305,702.22046,575.94946
712.91943,521.5135,701.257,580.8515
711.93915,526.5014,700.29504,585.746
708.2668,530.30035,704.152,566.1221
709.945,515.32245,703.1855,571.03955
707.7959,520.08386,702.22046,575.94946
705.6996,524.85406,701.257,580.8515
703.66693,529.63635,700.29504,585.746
701.70746,534.4338,699.3346,590.6328
699.83075,539.24896,698.3757,595.5119
708.0332,546.3742,697.4181,600.38336
696.3588,548.94244,696.46216,605.24725
694.77814,553.82465,695.5077,610.1036
697.13434,539.07404,694.55475,614.9523
695.7788,544.0189,693.6033,619.7934
694.5444,548.99,692.6532,624.627
693.4337,553.9873,691.7047,629.4531
692.4483,559.011,690.7576,634.27167
691.5885,564.0603,689.8121,639.08276
703.1854,571.03955,689.8121,639.08276
690.24115,574.2313,688.8679,643.8864
689.7483,579.3496,687.92535,648.68256
700.29504,585.746,686.98413,653.47125
693.9026,565.0052,686.0444,658.25256
693.7373,570.1852,685.10614,663.0265
702.22046,575.94946,684.16925,667.79297
693.68256,580.57513,685.10614,663.0265
693.77454,585.77783,684.1693,667.79297
693.9323,590.98047,683.23395,672.5521
694.14453,596.1789,682.3,677.3039
694.39923,601.36884,681.3675,682.04834
694.6843,606.54596,680.4364,686.78546
695.5077,610.1036,679.5068,691.5154
695.2951,616.8449,680.4364,686.78546
695.5951,621.95825,679.50684,691.5153
695.87445,627.0423,678.5787,696.2379
696.1209,632.0933,677.65186,700.9531
696.32214,637.1079,676.72656,705.6612
696.467,642.083,675.8026,710.36206
689.8121,639.08276,674.8801,715.05554
697.5027,647.0622,673.9591,719.74194
697.41394,651.91534,675.8026,710.36206
697.2299,656.72144,674.8802,715.05554
696.9434,661.47955,673.9591,719.74194
696.54834,666.18933,673.0394,724.42114
684.16925,667.79297,672.12115,729.09314
697.31384,665.8984,671.20435,733.75806
684.1693,667.79297,670.2889,738.4158
695.69183,675.04004,669.3748,743.06647
694.6991,679.5465,668.46216,747.70996
693.58624,684.013,671.20435,733.75806
692.35596,688.4427,670.2889,738.4158
679.5068,691.5154,669.3748,743.06647
691.4265,687.7844,668.46216,747.70996
689.8632,692.1488,667.5509,752.34644
688.2029,696.4907,666.64105,756.9757
677.65186,700.9531,665.73254,761.598
684.62195,705.12494,664.82544,766.2134
682.7186,709.4263,663.91974,770.8216
674.8801,715.05554,666.64105,756.9757
678.7352,718.0206,665.73254,761.5981
679.4193,708.4021,664.82544,766.2134
677.32117,712.7412,663.91974,770.8216
675.20386,717.09283,663.0154,775.42285
673.0789,721.4612,662.1124,780.01715
672.12115,729.09314,661.21075,784.6044
668.8516,730.2638,660.3106,789.18475
670.2889,738.4158,659.4117,793.7582
669.3748,743.06647,658.51416,798.32465
662.73517,743.6839,662.1124,780.01715
664.39355,729.8211,661.2108,784.60443
662.51874,734.4199,660.3106,789.18475
660.7215,739.05646,659.4117,793.7582
659.0102,743.7316,658.51416,798.3246
657.3926,748.4462,657.6181,802.88416
655.87555,753.20013,656.72327,807.43677
665.73254,761.598,655.82983,811.98267
653.16534,762.82355,654.93774,816.52155
651.9812,767.6905,654.047,821.0536
654.4932,754.1907,653.1576,825.5788
653.5454,759.13184,652.2696,830.0973
652.71844,764.1012,651.38275,834.6089
652.01184,769.0956,650.49744,839.1137
651.4238,774.1111,649.6134,843.6118
650.9513,779.14355,648.7306,848.103
661.21075,784.6044,648.7306,848.103
650.3357,789.24066,647.8492,852.58765
650.181,794.2953,646.9691,857.0655
658.51416,798.32465,646.09033,861.5366
654.6426,781.3495,645.2129,866.0011
654.7411,786.3961,644.3368,870.4588
660.3106,789.18475,643.4619,874.9099
659.4117,793.7582,648.0742,865.166
658.51416,798.3246,650.91766,864.3362
657.6181,802.88416,653.7434,863.5115
656.72327,807.43677,656.5515,862.692
655.82983,811.98267,659.3422,861.8775
654.93774,816.52155,662.11566,861.0681
654.047,821.0536,664.872,860.2637
653.1576,825.5788,662.11566,861.0681
652.2696,830.0973,664.8721,860.2637
651.38275,834.6089,667.61145,859.46423
650.49744,839.1137,670.3341,858.66956
649.6134,843.6118,673.04016,857.8799
648.7306,848.103,675.72974,857.095
648.7306,848.103,678.40295,856.31476
647.8492,852.58765,681.06006,855.5393
646.9691,857.0655,675.72974,857.095
646.09033,861.5366,678.40295,856.31476
646.94073,878.1771,681.06006,855.5393
644.3368,870.4588,683.7011,854.76855
643.4619,874.9099,686.32623,854.00244
652.59296,876.8142,688.93567,853.2409
656.2876,875.5446,691.5295,852.4839
659.91034,874.16907,694.10785,851.73145
663.45337,872.6937,696.67084,850.98346
666.9093,871.1254,688.93567,853.2409
670.2715,869.47253,691.5295,852.4839
673.53406,867.74396,694.10785,851.73145
671.2108,867.6062,696.67084,850.98346
674.29456,865.7406,699.2187,850.23987
677.26605,863.8307,701.75146,849.50073
680.1231,861.8882,704.2694,848.76587
682.86487,859.92487,706.7724,848.0354
685.49097,857.9531,709.26086,847.3092
688.0027,855.9852,701.75146,849.50073
690.4018,854.0333,704.26935,848.76587
684.74304,854.4286,706.7724,848.0354
686.97437,852.5188,709.26086,847.3092
689.1044,850.6604,711.7348,846.58716
691.13885,848.8638,714.1943,845.8694
693.0844,847.1391,716.63947,845.15576
694.94836,845.4955,719.0705,844.4463
696.7385,843.9412,721.4876,843.7409
698.4636,842.48376,723.8907,843.03955
696.67084,850.98346,710.87634,850.7333
688.93567,853.2409,710.0192,854.8736
691.5295,852.4839,709.1632,859.0083
694.10785,851.73145,708.3084,863.13715
696.67084,850.98346,707.4547,867.2603
699.2187,850.23987,706.6023,871.3778
701.75146,849.50073,705.751,875.4896
704.2694,848.76587,704.90094,879.5957
706.7724,848.0354,704.052,883.69617
709.26086,847.3092,703.2042,887.791
701.75146,849.50073,702.35767,891.8801
704.26935,848.76587,701.51227,895.9637
706.7724,848.0354,700.66797,900.0416
709.26086,847.3092,699.8249,904.1139
702.9567,846.9755,698.9829,908.18066
714.1943,845.8694,698.14215,912.24176
716.63947,845.15576,695.3203,906.2828
719.0705,844.4463,691.6795,904.39624
721.4876,843.7409,688.0604,902.521
723.8907,843.03955,684.4627,900.65686
710.87634,850.7333,680.88635,898.80365
710.0192,854.8736,677.331,896.9614
709.1632,859.0083,673.7966,895.13
708.3084,863.13715,677.331,896.9614
707.4547,867.2603,673.7966,895.13
706.6023,871.3778,670.2828,893.3093
705.751,875.4896,666.7896,891.4992
704.90094,879.5957,663.3167,889.6997
704.052,883.69617,659.864,887.91064
703.2042,887.791,656.4313,886.1319
702.35767,891.8801,649.6251,882.6052
701.51227,895.9637,653.0184,884.3635
700.66797,900.0416,656.4313,886.1319
699.8249,904.1139,659.864,887.91064
704.8426,907.1797,663.3167,889.6997
698.14215,912.24176,666.7896,891.4992
700.518,907.35394,670.2828,893.3093
696.4745,906.4918,673.7966,895.13
692.4063,905.6139,666.7896,891.4992
688.3174,904.7101,670.2828,893.3093
684.21216,903.77094,673.7966,895.13
695.77026,914.5716,677.331,896.9614
675.97174,901.75134,680.88635,898.80365
678.868,904.33105,684.4627,900.65686
674.70654,903.1511,688.0604,902.521
670.5558,901.8973,691.6795,904.39624
666.42145,900.56384,695.3203,906.2828
662.3096,899.1465,684.4627,900.65686
658.226,897.6415,688.0604,902.521
654.1768,896.04626,691.6795,904.39624
646.7847,892.5735,695.3203,906.2828
649.5882,894.36743,698.9829,908.18066
652.4463,896.07404,702.66754,910.08984
655.36505,897.6933,706.37445,912.0106
658.35016,899.22595,710.10376,913.94305
661.40686,900.674,713.85565,915.8871
670.2828,893.3093,696.4976,909.0736
673.7966,895.13,693.99786,909.9718
666.7896,891.4992,691.4836,910.87524
670.2828,893.3093,688.95465,911.784
673.7966,895.13,686.4108,912.698
677.331,896.9614,683.852,913.61743
680.88635,898.80365,681.27814,914.54224
684.4627,900.65686,678.689,915.47253
688.0604,902.521,676.0846,916.4084
691.6795,904.39624,673.4646,917.3498
695.3203,906.2828,683.852,913.61743
684.4627,900.65686,681.2781,914.54224
688.0604,902.521,678.689,915.47253
691.6795,904.39624,676.0846,916.4084
695.3203,906.2828,673.4646,917.3498
694.8829,897.31683,670.829,918.2968
702.66754,910.08984,668.1776,919.24945
706.37445,912.0106,665.5103,920.2079
710.10376,913.94305,662.82697,921.172
713.85565,915.8871,660.12744,922.1421
688.86505,900.8031,657.4115,923.1179
685.8572,902.4695,654.6791,924.09973
682.9152,904.2191,651.93,925.0875
680.0434,906.0438,649.1641,926.08136
677.2448,907.93536,646.3813,927.0813
674.52185,909.88464,643.58124,928.08734
671.8764,911.88214,643.58124,928.08734
669.3089,913.91785,640.7641,929.0997
666.8193,915.981,637.9293,930.11816
664.4063,918.0615,635.077,931.14307
675.12506,915.4752,632.207,932.1743
672.9345,917.5112,629.31903,933.21204
670.81256,919.5311,626.41284,934.2562
668.75476,921.52423,629.31903,933.21204
666.75574,923.4801,626.4129,934.2562
664.8095,925.3887,623.4885,935.307
662.9094,927.2401,620.5458,936.3644
661.04803,929.0253,617.5843,937.42847
659.2174,930.7358,614.6041,938.4994
657.4092,932.3633,611.60486,939.577
655.6143,933.901,614.6041,938.4994
653.82385,935.34247,611.6049,939.577
652.0281,936.6823,608.58655,940.66156
650.21735,937.91626,605.5488,941.75305
648.3821,939.04095,602.49164,942.85156
646.5124,940.0543,599.41473,943.95715
647.4134,939.90283,596.3178,945.06995
645.4633,940.6848,593.20087,946.1899
643.45087,941.3562,599.41473,943.95715
641.3675,941.91943,596.3179,945.06995
639.2052,942.37805,593.20087,946.1899
636.956,942.7374,590.06366,947.31714
634.6132,943.003,586.9059,948.4518
637.9903,941.0221,583.7275,949.5938
635.4791,941.11487,580.5281,950.7434
632.85895,941.13904,577.3076,951.9006
630.12634,941.1045,574.0659,953.0654
627.27856,941.02167,583.7275,949.5938
624.31433,940.9021,580.5281,950.7434
621.23315,940.75745,577.3076,951.9006
624.0424,938.4203,574.0659,953.0654
620.769,938.25696,570.80255,954.2379
617.38385,938.10596,567.51746,955.41833
613.89044,937.98004,564.21045,956.60657
610.29333,937.8915,560.8812,957.80286
606.5979,937.8525,557.52966,959.00714
602.8103,937.87476,567.51746,955.41833
598.93744,937.9697,564.21045,956.60657
604.33105,934.8623,560.8812,957.80286
600.37335,935.1228,557.52966,959.0072
596.3554,935.4846,554.1554,960.2196
592.28613,935.9557,550.7582,961.4402
588.17474,936.54315,547.338,962.6692
584.0308,937.25275,543.8944,963.9065
579.86395,938.0895,540.4273,965.1523
575.6834,939.0569,536.9363,966.40674
571.49884,940.15753,550.7582,961.4402
580.24915,936.93085,547.338,962.6692
576.17017,938.27124,543.8944,963.9065
572.1142,939.7429,540.4273,965.1523
568.0893,941.34314,536.9363,966.40674
570.80255,954.2379,537.805,961.6186
567.51746,955.41833,538.6751,956.82263
564.21045,956.60657,539.5467,952.0188
560.8812,957.80286,540.4196,947.2072
557.52966,959.00714,541.294,942.3877
567.51746,955.41833,542.1699,937.5602
564.21045,956.60657,543.0471,932.72485
560.8812,957.80286,543.9259,927.8815
557.52966,959.0072,544.806,923.03015
554.1554,960.2196,545.6877,918.1709
550.7582,961.4402,546.57074,913.3036
547.338,962.6692,546.57074,913.3036
543.8944,963.9065,547.45526,908.4282
540.4273,965.1523,548.34125,903.5448
536.9363,966.40674,549.2287,898.6534
550.7582,961.4402,550.1176,893.75385
547.338,962.6692,551.008,888.8462
543.8944,963.9065,551.89984,883.9304
546.43677,972.0722,553.606,892.7358
536.9363,966.40674,557.0704,891.72473
537.805,961.6186,560.51086,890.7207
538.6751,956.82263,563.92773,889.7235
539.5467,952.0188,567.3213,888.73315
540.4196,947.2072,570.69165,887.7495
541.294,942.3877,574.0392,886.7726
542.1699,937.5602,570.69165,887.7495
543.0471,932.72485,574.0392,886.7726
543.9259,927.8815,577.3641,885.80225
544.806,923.03015,580.6665,884.8384
545.6877,918.1709,583.9467,883.8811
546.57074,913.3036,587.20496,882.9302
546.57074,913.3036,590.4415,881.9856
547.45526,908.4282,593.6565,881.04736
548.34125,903.5448,587.20496,882.9302
549.2287,898.6534,590.4415,881.9856
559.19116,901.9452,593.6565,881.04736
551.008,888.8462,596.85016,880.11536
551.89984,883.9304,600.02264,879.18945
563.5544,897.33484,603.1743,878.26965
567.1107,895.00757,606.30524,877.35596
570.5418,892.66345,609.41565,876.44824
573.8479,890.31604,612.5058,875.5463
567.3213,888.73315,600.9081,874.5139
570.69165,887.7495,601.7949,869.83093
574.0392,886.7726,602.6832,865.1406
570.69165,887.7495,603.5728,860.4429
574.0392,886.7726,604.4639,855.7378
577.3641,885.80225,605.3563,851.02515
580.6665,884.8384,606.2502,846.30524
583.9467,883.8811,607.1455,841.5777
587.20496,882.9302,608.0422,836.8427
590.4415,881.9856,605.3563,851.02515
593.6565,881.04736,606.2502,846.3052
587.20496,882.9302,607.14545,841.57776
590.4415,881.9856,608.0422,836.8428
593.6565,881.04736,608.9403,832.1003
596.85016,880.11536,609.83984,827.35034
588.06683,875.3644,610.74084,822.5928
603.1743,878.26965,611.6432,817.82776
606.30524,877.35596,612.5471,813.05505
609.41565,876.44824,613.45233,808.2749
612.5058,875.5463,609.83984,827.35034
588.7175,873.14136,610.74084,822.5928
589.92334,868.9987,611.6432,817.82776
591.2529,864.84814,612.54706,813.05505
592.70264,860.68445,613.45233,808.2749
604.4639,855.7378,616.5966,807.58057
605.3563,851.02515,619.72003,806.89087
606.2502,846.30524,622.8229,806.20575
607.1455,841.5777,625.9051,805.52515
608.0422,836.8427,628.96704,804.849
605.3563,851.02515,632.009,804.17737
606.2502,846.3052,635.031,803.51
607.14545,841.57776,638.0334,802.84705
608.0422,836.8428,641.0162,802.1884
608.9403,832.1003,643.97974,801.53406
609.83984,827.35034,646.92413,800.88385
610.74084,822.5928,646.92413,800.88385
611.6432,817.82776,649.84955,800.2379
612.5471,813.05505,652.7563,799.59607
607.2965,817.154,655.6445,798.9583
609.83984,827.35034,658.51416,798.3246
610.74084,822.5928,661.3657,797.69495
611.6432,817.82776,664.19916,797.06934
612.54706,813.05505,659.4117,793.7582
613.45233,808.2749,660.3106,789.18475
616.5966,807.58057,661.2108,784.60443
619.72003,806.89087,662.1124,780.01715
622.8229,806.20575,663.0154,775.42285
625.9051,805.52515,663.91974,770.8216
628.96704,804.849,664.82544,766.2133
632.009,804.17737,663.91974,770.8216
635.031,803.51,664.82544,766.2134
638.0334,802.84705,665.73254,761.5981
641.0162,802.1884,666.64105,756.9757
643.97974,801.53406,667.5509,752.34644
646.92413,800.88385,668.46216,747.70996
646.92413,800.88385,669.37476,743.0664
649.84955,800.2379,670.2889,738.4158
652.7563,799.59607,668.46216,747.70996
655.6445,798.9583,669.3748,743.06647
664.61774,796.3449,670.2889,738.4158
661.3657,797.69495,671.20435,733.75806
664.19916,797.06934,672.12115,729.09314
662.17084,790.6985,673.0394,724.42114
660.3106,789.18475,673.95905,719.7419
661.5734,781.0426,674.8802,715.05554
661.263,776.25934,675.8026,710.36206
660.9606,771.5072,673.0394,724.42114
660.678,766.7866,673.9591,719.74194
664.82544,766.2133,674.8802,715.05554
658.43427,766.5698,675.8026,710.36206
658.2785,761.96106,676.72656,705.6612
658.18726,757.3834,677.65186,700.9531
666.64105,756.9757,678.5786,696.2378
658.2377,748.31604,679.50684,691.5153
658.39734,743.8231,680.4364,686.78546
669.37476,743.0664,677.65186,700.9531
659.0249,734.908,678.5787,696.2379
656.8047,744.3667,679.50684,691.5153
657.3974,739.9918,680.4364,686.78546
658.11176,735.6314,681.3675,682.04834
658.95026,731.2825,682.3,677.3039
672.12115,729.09314,683.2338,672.5521
661.0042,722.6057,684.1693,667.79297
673.95905,719.7419,685.10614,663.0265
674.8802,715.05554,686.0444,658.25256
665.0116,709.593,682.3,677.3039
662.9077,724.0939,683.23395,672.5521
664.57336,719.7793,684.1693,667.79297
666.3395,715.44885,685.10614,663.0265
668.1977,711.0997,686.0444,658.25256
670.13885,706.7286,686.98413,653.47125
672.1525,702.3329,687.92535,648.68256
678.5786,696.2378,688.8679,643.8864
676.3528,693.4584,689.8121,639.08276
678.5152,688.97534,690.7576,634.27167
676.9461,703.5731,691.7047,629.4531
679.1337,699.05676,692.6532,624.627
681.31995,694.50336,693.6033,619.7934
683.49146,689.912,694.55475,614.9523
685.63525,685.2825,695.5077,610.1036
687.73846,680.6146,696.46216,605.24725
683.2338,672.5521,696.46216,605.24725
691.77423,671.1655,697.4181,600.38336
693.68396,666.38574,698.3757,595.5119
686.0444,658.25256,699.3346,590.6328
692.4719,680.74646,700.29504,585.746
694.0911,675.88196,701.257,580.8515
684.1693,667.79297,702.22046,575.94946
685.10614,663.0265,697.462,585.6988
686.0444,658.25256,694.61005,585.6513
686.98413,653.47125,691.73914,585.6036
687.92535,648.68256,688.8491,585.5555
688.8679,643.8864,685.9396,585.5071
689.8121,639.08276,683.01056,585.45825
690.7576,634.27167,680.06177,585.40924
691.7047,629.4531,683.01056,585.45825
692.6532,624.627,680.06177,585.40924
693.6033,619.7934,677.093,585.3598
694.55475,614.9523,674.10406,585.31
695.5077,610.1036,671.0947,585.25995
696.46216,605.24725,668.0648,585.20953
696.46216,605.24725,665.01404,585.15875
697.4181,600.38336,661.9423,585.1076
698.3757,595.5119,668.0648,585.20953
699.3346,590.6328,665.0141,585.15875
710.9573,583.2392,661.9423,585.1076
701.257,580.8515,658.8493,585.05615
702.22046,575.94946,655.73486,585.00433
707.04364,579.6325,652.59875,584.9521
703.6387,578.48553,649.4407,584.89954
700.12305,577.4045,646.2605,584.8466
696.50336,576.4001,643.058,584.79333
685.9396,585.5071,651.49536,583.88666
683.01056,585.45825,647.28613,582.7769
680.06177,585.40924,643.1069,581.67523
683.01056,585.45825,638.9573,580.58124
680.06177,585.40924,634.83704,579.49506
677.093,585.3598,630.7459,578.41644
674.10406,585.31,626.6835,577.3455
671.0947,585.25995,622.6495,576.28204
668.0648,585.20953,618.6436,575.22595
665.01404,585.15875,630.7459,578.41644
661.9423,585.1076,626.6835,577.3455
668.0648,585.20953,622.6495,576.28204
665.0141,585.15875,618.64355,575.22595
661.9423,585.1076,614.6656,574.17725
658.8493,585.05615,610.71515,573.1358
653.90344,573.74805,606.79193,572.1015
652.59875,584.9521,602.8958,571.07434
649.4407,584.89954,599.0263,570.05426
646.2605,584.8466,595.18317,569.0411
643.058,584.79333,610.71515,573.1358
653.71075,571.0377,606.79193,572.1015
650.25995,570.0276,602.8958,571.07434
646.81024,569.15326,599.02625,570.05426
643.3541,568.4113,595.1832,569.0411
639.8847,567.797,591.36633,568.03485
636.3956,567.3042,587.5753,567.03546
632.8806,566.9261,583.81,566.0428
629.3344,566.65466,580.07007,565.0568
618.6436,575.22595,576.3552,564.0775
630.7459,578.41644,577.2038,559.2577
626.6835,577.3455,578.0537,554.4304
622.6495,576.28204,578.9049,549.5957
618.64355,575.22595,579.7575,544.7536
614.6656,574.17725,580.6113,539.90393
610.71515,573.1358,581.46655,535.04675
606.79193,572.1015,581.4665,535.0468
602.8958,571.07434,582.323,530.1822
599.0263,570.05426,583.1808,525.31
595.18317,569.0411,584.04,520.43024
610.71515,573.1358,584.90045,515.54297
606.79193,572.1015,585.76227,510.648
602.8958,571.07434,586.6254,505.7456
599.02625,570.05426,585.76227,510.64813
595.1832,569.0411,586.6254,505.7456
591.36633,568.03485,587.4899,500.8355
587.5753,567.03546,588.3558,495.91772
583.81,566.0428,589.22296,490.99237
580.07007,565.0568,590.0915,486.05933
587.0369,565.22156,590.9614,481.11853
577.2038,559.2577,586.04553,490.6344
578.0537,554.4304,582.8471,490.274
578.9049,549.5957,579.62756,489.9112
579.7575,544.7536,576.3866,489.54596
580.6113,539.90393,573.12415,489.1784
581.46655,535.04675,569.8398,488.80835
581.4665,535.0468,566.5335,488.43585
582.323,530.1822,563.205,488.0608
583.1808,525.31,569.8398,488.80835
584.04,520.43024,566.5335,488.43585
584.90045,515.54297,563.205,488.0608
585.76227,510.648,559.854,487.68317
586.6254,505.7456,556.48035,487.3031
585.76227,510.64813,553.08386,486.92035
586.6254,505.7456,549.66406,486.53503
587.4899,500.8355,546.22095,486.14703
588.3558,495.91772,542.7542,485.75647
589.22296,490.99237,553.0838,486.92035
590.0915,486.05933,549.66406,486.53503
590.9614,481.11853,546.22095,486.1471
586.04553,490.6344,542.7542,485.75647
582.4979,477.8141,539.2637,485.36316
578.31055,477.62512,535.74896,484.96716
574.11597,477.5581,532.20984,484.56836
573.12415,489.1784,528.6461,484.16675
569.8398,488.80835,525.05756,483.7625
566.5335,488.43585,535.74896,484.96716
563.205,488.0608,532.20984,484.56836
569.8398,488.80835,528.6461,484.1668
559.35175,480.69934,525.05756,483.7625
555.4133,481.34888,521.4438,483.3553
551.5302,482.06885,517.8046,482.94525
547.70734,482.84882,514.1399,482.53235
553.08386,486.92035,510.4491,482.1164
549.66406,486.53503,506.7321,481.69763
546.22095,486.14703,502.9886,481.27582
542.7542,485.75647,517.8046,482.94525
553.0838,486.92035,514.1399,482.53235
540.1251,489.64832,510.4491,482.11646
536.8849,490.50928,506.7321,481.69763
533.7139,491.33313,502.9886,481.27582
539.2637,485.36316,499.21832,480.85107
527.56665,492.82092,495.42096,480.4231
524.5817,493.4618,491.59622,479.9922
528.6461,484.16675,487.74384,479.55817
525.05756,483.7625,483.86346,479.1209
530.2192,496.28918,479.95486,478.68054
527.50073,496.54108,476.01758,478.23688
524.8062,496.6754,472.05145,477.78998
522.12665,496.6859,468.0561,477.33978
519.45294,496.56708,464.03122,476.8863
516.77545,496.31488,459.97647,476.42944
514.1399,482.53235,459.97647,476.42944
510.4491,482.1164,455.89148,475.96918
506.7321,481.69763,451.77594,475.50543
502.9886,481.27582,447.62955,475.03827
517.8046,482.94525,443.4519,474.56744
518.7948,493.84534,439.24265,474.09326
515.94745,492.68225,435.00146,473.6153
506.7321,481.69763,439.24268,474.09326
510.00333,490.0138,435.00146,473.6153
499.21832,480.85107,430.72797,473.1338
503.67325,486.94574,426.42178,472.64862
500.34607,485.2876,422.0825,472.15967
496.9031,483.56213,417.7098,471.66693
493.33972,481.78247,413.30322,471.17047
479.95486,478.68054,421.21805,477.9524
476.01758,478.23688,420.35513,483.73462
472.05145,477.78998,419.49384,489.50616
468.0561,477.33978,418.6341,495.26733
464.03122,476.8863,417.77588,501.01807
459.97647,476.42944,416.91928,506.75824
459.97647,476.42944,416.06418,512.4881
455.89148,475.96918,415.21066,518.2075
451.77594,475.50543,416.91928,506.75824
447.62955,475.03827,416.06418,512.4881
443.4519,474.56744,415.21066,518.2075
439.24265,474.09326,414.35867,523.9166
435.00146,473.6153,413.50824,529.61536
439.24268,474.09326,412.65936,535.30383
435.00146,473.6153,411.81198,540.98193
430.72797,473.1338,410.96613,546.6499
426.42178,472.64862,410.1218,552.3076
422.0825,472.15967,412.65936,535.30383
417.7098,471.66693,411.81198,540.98193
413.30322,471.17047,410.96613,546.6499
421.21805,477.9524,410.12183,552.3076
406.5688,481.38208,409.27902,557.9552
405.37558,487.17523,408.43774,563.5925
404.32217,492.9969,407.598,569.21985
403.4108,498.84674,406.75974,574.837
416.91928,506.75824,405.92297,580.444
416.06418,512.4881,404.91696,557.79535
415.21066,518.2075,400.52155,557.6343
416.91928,506.75824,396.09247,557.472
416.06418,512.4881,391.6293,557.3084
415.21066,518.2075,387.13174,557.1436
414.35867,523.9166,382.59924,556.97754
413.50824,529.61536,378.03152,556.8101
412.65936,535.30383,373.42813,556.6415
411.81198,540.98193,368.78857,556.4715
410.96613,546.6499,364.11258,556.3001
410.1218,552.3076,382.59924,556.97754
412.65936,535.30383,378.03152,556.8101
411.81198,540.98193,373.42813,556.6415
410.96613,546.6499,368.7886,556.4715
410.12183,552.3076,364.11258,556.3001
402.63605,568.3108,359.3996,556.12744
408.43774,563.5925,354.6492,555.9533
407.598,569.21985,349.86096,555.7779
406.75974,574.837,345.03442,555.601
405.92297,580.444,340.16913,555.42267
404.91696,557.79535,340.99667,549.43225
400.52155,557.6343,341.82587,543.43036
396.09247,557.472,342.6566,537.417
391.6293,557.3084,343.48895,531.392
387.13174,557.1436,344.32285,525.3555
382.59924,556.97754,345.1584,519.3075
378.03152,556.8101,345.1584,519.30756
373.42813,556.6415,345.9955,513.2478
368.78857,556.4715,346.83426,507.17645
364.11258,556.3001,347.67465,501.09344
382.59924,556.97754,348.5166,494.99866
378.03152,556.8101,349.36023,488.8921
373.42813,556.6415,350.20547,482.77374
368.7886,556.4715,349.36023,488.89215
364.11258,556.3001,350.20547,482.77374
359.3996,556.12744,351.0523,476.64362
354.6492,555.9533,351.90085,470.5016
349.86096,555.7779,352.75098,464.34766
345.03442,555.601,353.60278,458.18182
349.46982,555.0878,354.45624,452.00403
349.06766,548.8853,353.60278,458.1819
348.58563,542.68396,354.45624,452.00403
348.0365,536.48413,355.31134,445.8142
347.43365,530.2861,356.16812,439.61237
346.79108,524.0896,357.02658,433.3985
346.12283,517.8946,357.88666,427.1725
344.6192,517.676,358.74847,420.9342
343.94354,511.49597,359.61194,414.6839
343.28638,505.31702,357.88666,427.1725
342.6625,499.13837,358.74847,420.9342
342.08594,492.9593,359.61194,414.6839
341.57123,486.77917,360.47708,408.42133
341.13144,480.59705,361.34396,402.14655
339.12335,486.54962,362.2125,395.85944
338.8694,480.39893,363.08276,389.56006
338.72675,474.24548,363.95474,383.24823
351.90085,470.5016,364.82837,376.924
338.81668,461.92682,362.2125,395.85944
339.06668,455.76038,363.08276,389.56006
339.46313,449.5885,363.95474,383.24823
338.33273,455.7813,364.82837,376.924
339.03143,449.63965,365.70374,370.58746
339.88824,443.49176,366.58087,364.2384
340.90414,437.33728,367.45975,357.87677
342.07843,431.1762,368.3403,351.5027
357.88666,427.1725,369.22263,345.11603
344.8912,418.8343,366.58087,364.2384
346.5202,412.6538,367.45975,357.87677
345.70663,425.42316,368.3403,351.5027
347.5946,419.28723,369.22263,345.11603
349.603,413.14423,370.1067,338.71674
351.7199,406.99463,370.99246,332.30475
353.93295,400.83875,371.88,325.88013
356.22803,394.67712,372.76932,319.44275
363.08276,389.56006,373.6604,312.9926
361.00406,382.33807,374.55325,306.52966
364.82837,376.924,370.99246,332.30475
362.3767,395.63293,371.88,325.88013
364.83408,389.49182,372.76932,319.44275
367.2767,383.34308,373.6604,312.9926
369.68842,377.18713,374.55325,306.52966
372.0525,371.02368,375.44788,300.05383
374.3537,364.85278,376.34427,293.5652
376.57687,358.67432,377.24246,287.0636
378.7077,352.48767,378.14243,280.54907
369.22263,345.11603,379.0442,274.02148
379.03928,365.8048,379.94775,267.48096
380.81512,359.6062,380.85315,260.9273
382.45544,353.3947,381.7603,254.36047
383.95258,347.16925,382.6693,247.78064
385.30078,340.92914,383.58014,241.1875
386.4955,334.67285,384.4928,234.58112
387.53415,328.39935,384.4928,234.58112
388.41547,322.107,385.4073,227.96161
373.6604,312.9926,386.3236,221.32861
389.7099,309.45947,387.2418,214.68231
385.63004,335.12836,388.1618,208.0227
385.90292,328.765,389.08368,201.34949
386.03665,322.37665,390.00745,194.66302
386.03912,315.9619,389.08368,201.34949
385.919,309.5191,390.00745,194.66302
385.68674,303.04688,390.93304,187.96289
385.35324,296.54346,391.8605,181.24927
384.9306,290.00745,392.78986,174.5221
384.43207,283.43768,393.7211,167.78113
383.87082,276.83264,394.65424,161.02649
383.26147,270.19128,393.7211,167.78113
382.61832,263.51245,394.65424,161.02649
381.9565,256.79547,395.58923,154.2583
381.29156,250.03967,396.52618,147.4762
380.63828,243.24469,397.46503,140.68042
380.01245,236.41034,398.4058,133.87073
378.5323,236.06671,399.34845,127.047
378.0045,229.17279,400.293,120.20947
386.3236,221.32861,401.58667,140.08752
387.2418,214.68231,405.7453,139.48938
388.1618,208.0227,409.94138,138.88574
389.08368,201.34949,414.17538,138.27686
390.00745,194.66302,418.44794,137.66235
389.08368,201.34949,422.7595,137.04224
390.00745,194.66302,427.11057,136.41638
390.93304,187.96289,431.50177,135.78467
391.8605,181.24927,435.93362,135.14734
392.78986,174.5221,422.7595,137.04224
393.7211,167.78113,427.11057,136.41638
394.65424,161.02649,431.50177,135.78467
393.7211,167.78113,435.93362,135.14734
394.65424,161.02649,440.40668,134.50403
395.58923,154.2583,444.92157,133.85461
396.52618,147.4762,449.4788,133.1991
399.0805,123.357056,454.07904,132.53748
398.4058,133.87073,458.72293,131.8695
399.34845,127.047,444.92157,133.85461
400.293,120.20947,449.4788,133.1991
407.96298,125.65454,454.07904,132.53748
413.1935,126.1189,458.72293,131.8695
418.385,126.71997,463.41095,131.19519
423.528,127.4469,468.14386,130.51453
428.6136,128.28699,472.92233,129.82727
433.63385,129.22644,477.74686,129.1333
427.11057,136.41638,482.61823,128.43262
443.45322,131.34375,487.5372,127.7251
435.93362,135.14734,468.14386,130.51453
435.23944,136.19995,472.92233,129.82727
439.70227,137.38696,477.74686,129.1333
444.07623,138.57422,482.61823,128.43262
448.3619,139.74341,487.5372,127.7251
440.40668,134.50403,482.48987,125.49548
444.92157,133.85461,477.39474,123.24475
449.4788,133.1991,472.251,120.97266
454.07904,132.53748,467.05798,118.67871
458.72293,131.8695,461.81497,116.36255
444.92157,133.85461,456.5213,114.02417
449.4788,133.1991,451.1762,111.663086
454.07904,132.53748,445.77884,109.27893
458.72293,131.8695,440.32858,106.87134
463.41095,131.19519,434.82455,104.43994
468.14386,130.51453,429.26602,101.9845
472.92233,129.82727,429.26602,101.9845
477.74686,129.1333,423.65207,99.50464
482.61823,128.43262,417.98193,97.0
499.6907,127.84155,412.2548,94.47009
468.14386,130.51453,406.46973,91.91455
472.92233,129.82727,400.6259,89.33313
477.74686,129.1333,394.72238,86.72534
482.61823,128.43262,400.6259,89.33313
500.17886,118.708496,394.7224,86.72534
494.8403,114.77661,388.75824,84.0907
489.3287,110.91882,382.7326,81.428955
483.64804,107.15271,376.64444,78.739624
477.80334,103.49463,370.4928,76.02222
471.80115,99.960205,364.27664,73.276245
465.64877,96.56311,370.4928,76.02222
459.3549,93.315674,364.27667,73.276245
452.92914,90.228516,357.99506,70.501465
446.38147,87.30994,351.64688,67.697266
439.72314,84.56665,345.23117,64.86328
432.96533,82.003174,338.7467,61.99878
431.73608,82.20679,332.1925,59.103638
424.87045,80.027954,325.56735,56.177002
417.98193,97.0,344.1299,73.40857
412.2548,94.47009,343.03143,81.93225
406.46973,91.91455,341.93576,90.43457
400.6259,89.33313,340.84283,98.915405
394.72238,86.72534,339.75262,107.37488
400.6259,89.33313,338.6652,115.81311
394.7224,86.72534,337.58047,124.230225
388.75824,84.0907,336.49847,132.6261
382.7326,81.428955,335.41916,141.0011
376.64444,78.739624,338.6652,115.81311
370.4928,76.02222,337.58047,124.230225
364.27664,73.276245,336.49847,132.6261
370.4928,76.02222,335.41916,141.0011
364.27667,73.276245,334.34256,149.3551
357.99506,70.501465,333.26865,157.68823
351.64688,67.697266,332.19745,166.00073
332.4949,57.114136,331.1289,174.29236
338.7467,61.99878,330.063,182.56348
332.1925,59.103638,333.26865,157.68823
325.56735,56.177002,332.19745,166.00073
338.6045,66.04065,331.1289,174.29236
339.48538,74.98828,330.063,182.56348
340.4006,83.984985,328.9997,190.8139
341.32886,93.02246,327.93912,199.04395
342.24893,102.091064,326.8811,207.25366
343.14075,111.18164,325.82574,215.443
337.58047,124.230225,324.77298,223.61206
344.7577,129.38733,323.72284,231.76086
335.41916,141.0011,327.93912,199.04395
350.4699,113.53467,326.8811,207.25366
350.9217,122.71875,325.82574,215.443
351.23624,131.86792,324.77298,223.61206
351.4007,140.97339,323.72284,231.76086
351.40353,150.02588,322.67523,239.88977
351.2349,159.01733,321.63025,247.99854
350.8874,167.9408,320.58786,256.0874
350.355,176.78955,319.54797,264.1563
330.063,182.56348,318.51065,272.2055
353.0833,161.18579,317.47592,280.23492
351.96237,169.92761,316.44366,288.24475
350.65207,178.57648,315.41397,296.23505
349.15634,187.1305,314.38675,304.20563
347.48047,195.5888,313.3621,312.15692
345.6317,203.9513,312.3399,320.0888
343.61884,212.21893,312.3399,320.0888
341.45166,220.39392,311.3202,328.0014
324.77298,223.61206,310.30295,335.89478
336.70172,236.47742,309.28818,343.76892
339.39285,204.24298,308.27588,351.62408
336.7078,212.21063,307.26602,359.4602
333.9364,220.09918,306.25864,367.27728
324.77298,223.61206,314.6083,352.88403
323.72284,231.76086,320.8768,354.1311
322.67523,239.88977,327.08234,355.36572
321.63025,247.99854,333.22586,356.588
320.58786,256.0874,339.3083,357.79822
319.54797,264.1563,345.33054,358.99634
318.51065,272.2055,351.29352,360.18274
317.47592,280.23492,345.33054,358.99634
316.44366,288.24475,351.29352,360.18274
315.41397,296.23505,357.19806,361.35748
314.38675,304.20563,363.04504,362.5208
313.3621,312.15692,368.8353,363.6728
312.3399,320.0888,374.56967,364.81366
312.3399,320.0888,380.2489,365.9436
311.3202,328.0014,385.87387,367.06274
310.30295,335.89478,374.56967,364.81366
309.28818,343.76892,380.2489,365.9436
302.6877,336.60834,385.87384,367.06274
307.26602,359.4602,391.44528,368.17114
306.25864,367.27728,396.96393,369.26917
306.39078,342.29443,402.4305,370.35675
311.9208,345.25018,407.84583,371.43414
317.4751,348.2591,413.21057,372.50153
323.0614,351.3037,418.52542,373.55896
328.68622,354.3672,402.4305,370.35675
334.35544,357.43134,407.84583,371.43414
340.07358,360.47943,413.21057,372.50153
334.02,361.18433,418.52542,373.55896
339.95996,364.18817,423.7911,374.60663
345.95453,367.12433,429.00827,375.6446
352.00406,369.9765,434.17767,376.67303
358.10785,372.73004,439.29987,377.6922
364.26416,375.37073,444.3755,378.70203
370.47003,377.88507,429.00827,375.6446
376.72162,380.26166,434.17767,376.67303
366.17456,379.36835,439.29987,377.6922
372.65695,381.4793,444.3755,378.70203
379.16504,383.42084,449.40518,379.70276
385.69104,385.18616,454.38965,380.69446
392.22675,386.7705,459.32947,381.6772
398.76276,388.17017,464.22516,382.65125
405.28955,389.38336,469.07736,383.61664
411.7967,390.41003,473.88663,384.57343
418.52542,373.55896,444.84866,379.20648
402.4305,370.35675,440.3345,378.7149
407.84583,371.43414,435.8621,378.2279
413.21057,372.50153,431.43088,377.74524
418.52542,373.55896,427.04034,377.2671
423.7911,374.60663,422.68988,376.79333
429.00827,375.6446,418.37897,376.32385
434.17767,376.67303,414.10706,375.85864
439.29987,377.6922,409.87363,375.3977
444.3755,378.70203,405.67816,374.9408
429.00827,375.6446,401.52014,374.48798
434.17767,376.67303,397.39908,374.03912
439.29987,377.6922,393.31445,373.5943
444.3755,378.70203,389.26587,373.15344
446.38232,396.89313,385.25272,372.7163
454.38965,380.69446,381.27466,372.2832
459.32947,381.6772,381.27466,372.2832
464.22516,382.65125,377.33118,371.85376
469.07736,383.61664,373.42184,371.42804
473.88663,384.57343,369.54617,371.00586
435.3135,391.69708,365.70374,370.58746
430.00183,389.87616,361.8942,370.1726
424.83234,387.9569,358.11707,369.76123
419.81152,385.95422,361.8942,370.1726
414.94485,383.88422,358.11707,369.76123
410.2368,381.7638,354.37192,369.3534
405.69022,379.60974,350.6584,368.94904
401.3072,377.44,346.97604,368.54797
397.0882,375.27167,343.32452,368.15033
393.03256,373.12238,339.70337,367.75598
389.13828,371.00983,343.32452,368.15033
385.40204,368.95007,339.7034,367.75598
381.81927,366.95996,336.11234,367.36493
378.38428,365.05414,332.55093,366.9771
375.09015,363.2472,329.01886,366.59247
371.9287,361.5525,325.51572,366.21094
372.83667,360.3628,322.0412,365.83258
369.88098,358.91803,318.59488,365.4572
367.02924,357.6172,325.51572,366.21094
364.27,356.46777,322.0412,365.83258
361.59122,355.47583,318.59488,365.4572
358.98105,354.64502,315.17645,365.08496
356.42657,353.9782,311.78564,364.7157
361.46805,354.16254,308.422,364.34943
358.92676,353.81757,305.08533,363.98608
356.40387,353.6352,301.77518,363.6255
353.8873,353.61133,298.49133,363.26794
351.36472,353.74036,308.422,364.34943
348.82498,354.01538,305.08533,363.98608
346.25693,354.42798,301.77518,363.6255
350.90625,355.64838,298.49133,363.26794
348.19223,356.30835,295.23346,362.9131
345.42157,357.07483,292.00122,362.56116
342.5867,357.93573,288.79425,362.21185
339.68063,358.87744,285.61243,361.86536
336.69742,359.886,282.45532,361.5216
322.0412,365.83258,295.97733,357.0594
318.59488,365.4572,296.7226,351.195
325.51572,366.21094,297.46915,345.31995
322.0412,365.83258,298.21707,339.43433
318.59488,365.4572,298.9664,333.5379
315.17645,365.08496,299.71707,327.63086
311.78564,364.7157,300.4691,321.7129
308.422,364.34943,301.2225,315.78424
305.08533,363.98608,301.9773,309.8448
301.77518,363.6255,302.73343,303.8944
298.49133,363.26794,299.71707,327.63086
308.422,364.34943,300.4691,321.7129
305.08533,363.98608,301.2225,315.78424
301.77518,363.6255,301.9773,309.8448
298.49133,363.26794,302.73343,303.8944
309.66708,365.2915,303.491,297.93323
292.00122,362.56116,304.24988,291.96112
288.79425,362.21185,305.01022,285.97797
285.61243,361.86536,305.77194,279.984
282.45532,361.5216,306.53503,273.97894
308.27078,359.39142,307.29956,267.96283
308.20316,353.5033,308.0655,261.93573
308.0218,347.5926,308.8328,255.89746
307.7361,341.65863,309.60153,249.8482
307.35645,335.70062,310.37167,243.7876
306.89352,329.7176,311.14325,237.71594
306.35962,323.70892,311.14325,237.71594
305.76675,317.67383,311.91626,231.63306
305.12827,311.6117,312.6907,225.539
304.45782,305.52222,313.46658,219.4336
300.04456,328.69604,314.24387,213.3169
299.35034,322.61237,315.0226,207.18878
298.66525,316.50488,315.80276,201.04938
298.00357,310.37366,315.0226,207.18878
297.3794,304.21887,315.80276,201.04938
296.80597,298.04108,316.5844,194.89844
296.29694,291.8407,317.3675,188.73627
295.8646,285.61877,318.15204,182.56244
295.52136,279.37634,318.93808,176.37726
295.27872,273.11462,319.72552,170.18054
295.1468,266.83502,318.93808,176.37726
295.1354,260.53937,319.72552,170.18054
295.2528,254.22949,320.5145,163.97217
295.50632,247.90747,321.3049,157.7522
295.90195,241.57587,322.09677,151.52075
296.44427,235.23688,322.89017,145.27747
296.37524,234.99371,323.68503,139.02258
297.2165,228.66821,324.48135,132.7561
312.6907,225.539,317.2237,149.75049
313.46658,219.4336,312.31192,147.96619
314.24387,213.3169,307.3611,146.16772
315.0226,207.18878,302.37073,144.35486
315.80276,201.04938,297.3403,142.52759
315.0226,207.18878,292.26938,140.68542
315.80276,201.04938,287.15747,138.82837
316.5844,194.89844,282.00403,136.9563
317.3675,188.73627,276.80862,135.06909
318.15204,182.56244,292.26938,140.68542
318.93808,176.37726,287.15747,138.82837
319.72552,170.18054,282.00403,136.9563
318.93808,176.37726,276.80862,135.06909
319.72552,170.18054,271.57065,133.16626
320.5145,163.97217,266.28964,131.2478
321.3049,157.7522,260.96506,129.3136
317.20193,166.45398,255.59633,127.36328
322.89017,145.27747,250.18294,125.39673
323.68503,139.02258,266.28964,131.2478
324.48135,132.7561,260.96506,129.3136
315.57144,165.32104,255.59633,127.36328
311.53577,163.35303,250.18294,125.39673
307.46735,161.21082,244.72432,123.41382
303.3566,158.89587,239.2199,121.414185
299.1943,156.41113,233.66907,119.39783
294.97095,153.76135,228.07126,117.36426
287.15747,138.82837,222.42589,115.31348
286.30466,147.99365,216.73236,113.24524
276.80862,135.06909,239.2199,121.414185
298.04044,149.09656,233.66907,119.39783
293.5582,145.83826,228.07126,117.36426
288.96762,142.47754,222.4259,115.31348
284.26276,139.02856,216.73236,113.24524
279.43793,135.5072,210.99005,111.1593
274.48862,131.9292,205.19827,109.0553
269.411,128.31165,199.35641,106.933105
264.20227,124.67212,193.46385,104.7926
250.18294,125.39673,187.51991,102.6333
266.28964,131.2478,190.76358,101.85657
260.96506,129.3136,194.03685,101.07263
255.59633,127.36328,197.34018,100.281494
250.18294,125.39673,200.67395,99.48303
244.72432,123.41382,204.03859,98.677246
239.2199,121.414185,207.43456,97.86401
233.66907,119.39783,207.43456,97.86401
228.07126,117.36426,210.86226,97.04321
222.42589,115.31348,214.32216,96.21448
216.73236,113.24524,217.81471,95.37805
239.2199,121.414185,221.34036,94.53381
233.66907,119.39783,224.89963,93.6814
228.07126,117.36426,228.49294,92.8208
222.4259,115.31348,224.89963,93.6814
216.73236,113.24524,228.49294,92.8208
210.99005,111.1593,232.12083,91.951904
205.19827,109.0553,235.78377,91.07471
199.35641,106.933105,239.48227,90.188965
193.46385,104.7926,243.21687,89.294556
176.08238,88.22168,246.9881,88.39136
180.37225,86.296875,243.21687,89.294556
184.80286,84.513916,246.9881,88.39136
189.3626,82.88428,250.7965,87.47925
194.0388,81.41797,254.64265,86.55823
198.81856,80.122925,258.527,85.62793
203.6872,79.00574,262.45026,84.688354
205.19371,78.9845,266.41296,83.73926
210.15993,78.24048,270.41565,82.78064
214.32216,96.21448,264.72095,88.08215
217.81471,95.37805,270.85605,90.51318
221.34036,94.53381,276.93314,92.92114
224.89963,93.6814,282.9531,95.30652
228.49294,92.8208,288.91666,97.66943
224.89963,93.6814,294.82465,100.010376
228.49294,92.8208,300.67783,102.32959
232.12083,91.951904,306.47696,104.62744
235.78377,91.07471,312.22275,106.904175
239.48227,90.188965,294.82465,100.010376
243.21687,89.294556,300.67783,102.32959
246.9881,88.39136,306.47696,104.62744
243.21687,89.294556,312.22275,106.904175
246.9881,88.39136,317.916,109.160034
250.7965,87.47925,323.5574,111.395386
254.64265,86.55823,329.1476,113.61047
255.85458,104.85156,334.68744,115.80554
262.45026,84.688354,340.1774,117.980835
266.41296,83.73926,323.5574,111.395386
270.41565,82.78064,329.1476,113.61047
266.0135,105.2334,334.68744,115.80554
273.14774,106.651245,340.1774,117.980835
280.2088,107.89807,345.61832,120.13672
287.18726,108.986084,351.01074,122.27344
294.0735,109.929565,356.3554,124.391235
300.8581,110.74353,361.65283,126.490234
300.67783,102.32959,366.90375,128.57092
314.08813,112.04736,372.1087,130.63318
312.22275,106.904175,351.01074,122.27344
303.64172,103.85986,356.3554,124.391235
310.00867,104.326294,361.65283,126.490234
316.2291,104.768555,366.90378,128.57092
322.29865,105.20581,372.1087,130.63318
328.21408,105.65613,377.2683,132.67761
333.97342,106.137695,382.38318,134.70435
339.57556,106.66809,387.4539,136.7135
345.02078,107.263306,392.48096,138.70544
340.1774,117.980835,397.46503,140.68042
323.5574,111.395386,396.52618,147.4762
329.1476,113.61047,395.58923,154.2583
334.68744,115.80554,394.65424,161.02649
340.1774,117.980835,393.7211,167.78113
345.61832,120.13672,392.78986,174.5221
351.01074,122.27344,391.8605,181.24927
356.3554,124.391235,391.8605,181.24927
361.65283,126.490234,390.93304,187.96289
366.90375,128.57092,390.00745,194.66302
372.1087,130.63318,389.08368,201.34949
351.01074,122.27344,388.1618,208.0227
356.3554,124.391235,387.2418,214.68231
361.65283,126.490234,386.3236,221.32861
366.90378,128.57092,387.2418,214.68231
372.1087,130.63318,386.3236,221.32861
377.2683,132.67761,385.4073,227.96161
382.38318,134.70435,384.4928,234.58112
387.4539,136.7135,383.58014,241.1875
392.48096,138.70544,382.6693,247.78064
381.3481,137.6897,381.7603,254.36047
380.531,144.10303,382.6693,247.78064
379.8736,150.55627,381.7603,254.36047
379.3733,157.05286,380.85315,260.9273
379.02634,163.59436,379.94775,267.48096
378.82706,170.1825,379.0442,274.02148
378.76855,176.8175,378.14243,280.54907
379.76767,176.70563,377.24246,287.0636
379.96353,183.44019,376.34427,293.5652
390.00745,194.66302,375.12003,274.01917
389.08368,201.34949,371.22974,274.0169
388.1618,208.0227,367.37296,274.0147
387.2418,214.68231,363.54913,274.0124
386.3236,221.32861,359.7579,274.0102
387.2418,214.68231,355.9989,274.00806
386.3236,221.32861,352.27164,274.00574
385.4073,227.96161,348.57574,274.0036
384.4928,234.58112,344.91083,274.00146
383.58014,241.1875,355.9989,274.00806
382.6693,247.78064,352.27164,274.00574
381.7603,254.36047,348.57574,274.0036
382.6693,247.78064,344.91086,274.00146
381.7603,254.36047,341.27655,273.99933
380.85315,260.9273,337.67242,273.99725
379.94775,267.48096,334.09814,273.99518
390.22235,281.6043,330.5534,273.99304
378.14243,280.54907,327.03766,273.99103
377.24246,287.0636,337.67242,273.99725
376.34427,293.5652,334.09814,273.99518
383.31567,286.67322,330.5534,273.99304
378.46094,287.6065,327.03766,273.99097
373.57083,288.39886,323.5507,273.98895
368.65503,289.04346,320.09213,273.98688
363.7236,289.53497,316.66165,273.98486
358.78677,289.86963,313.25885,273.98285
352.27164,274.00574,309.88342,273.98096
348.57574,274.0036,306.53503,273.97894
344.91083,274.00146,320.09213,273.98688
353.8607,289.88855,316.66165,273.98486
348.93762,289.42566,313.25885,273.98285
344.0791,288.8125,309.88342,273.98083
339.2959,288.0556,306.53503,273.97894
341.27655,273.99933,301.69138,272.71576
337.67242,273.99725,296.8101,271.44275
334.09814,273.99518,291.89066,270.1598
330.5534,273.99304,286.93265,268.86682
327.03766,273.99103,281.93558,267.56372
337.67242,273.99725,276.89908,266.25024
334.09814,273.99518,271.82257,264.92627
330.5534,273.99304,266.70566,263.59192
327.03766,273.99097,261.54782,262.24683
323.5507,273.98895,256.34857,260.8908
320.09213,273.98688,251.10744,259.52405
316.66165,273.98486,251.10744,259.52405
313.25885,273.98285,245.82387,258.14612
309.88342,273.98096,240.49738,256.75708
306.53503,273.97894,235.12738,255.35657
320.09213,273.98688,229.71342,253.9447
316.66165,273.98486,224.25488,252.52118
313.25885,273.98285,218.75125,251.08594
309.88342,273.98083,224.25488,252.52118
302.42422,262.826,218.75128,251.08594
296.87085,262.58997,213.20198,249.63867
291.33215,262.45337,207.60652,248.17944
285.81363,262.40564,201.9642,246.70801
280.32062,262.4345,196.27448,245.22412
274.85748,262.52777,190.5368,243.72784
269.42804,262.67163,196.27448,245.22412
264.03528,262.8518,190.5368,243.72784
258.6814,263.0542,184.75053,242.21887
253.36774,263.26312,178.91501,240.69702
248.09492,263.46375,173.02965,239.16223
242.86276,263.64038,167.09377,237.6142
242.93059,265.1184,161.10672,236.05286
237.81844,265.20618,155.06792,234.47803
240.49738,256.75708,173.74011,232.46753
235.12738,255.35657,174.4521,225.7594
229.71342,253.9447,175.16553,219.03748
224.25488,252.52118,175.88039,212.30194
218.75125,251.08594,176.59676,205.55255
224.25488,252.52118,177.31453,198.78943
218.75128,251.08594,178.0338,192.01239
213.20198,249.63867,178.75453,185.22162
207.60652,248.17944,179.47672,178.41681
201.9642,246.70801,177.31453,198.78943
196.27448,245.22412,178.0338,192.01239
190.5368,243.72784,178.75453,185.22162
196.27448,245.22412,179.47672,178.41681
190.5368,243.72784,180.20041,171.59814
184.75053,242.21887,180.92561,164.7655
178.91501,240.69702,181.65228,157.91858
187.71819,240.98785,182.38045,151.05774
167.09377,237.6142,183.11014,144.18274
161.10672,236.05286,180.92561,164.7655
155.06792,234.47803,181.65228,157.91858
190.30904,235.48804,182.38045,151.05774
191.09245,229.04523,183.11014,144.18274
191.70972,222.57556,183.8413,137.29358
192.1622,216.07617,184.57396,130.39014
192.45282,209.54376,185.30817,123.47241
192.58636,202.97528,186.04388,116.540405
178.0338,192.01239,186.78113,109.59412
192.40721,189.71802,187.51991,102.6333
179.47672,178.41681,184.57396,130.39014
188.7969,203.08655,185.30817,123.47241
188.26369,196.33124,186.04388,116.540405
187.629,189.52747,186.78113,109.59412
186.90611,182.67352,187.51991,102.6333
180.20041,171.59814,193.46385,104.7926
180.92561,164.7655,199.35641,106.933105
181.65228,157.91858,205.19827,109.0553
182.38045,151.05774,210.99005,111.1593
183.11014,144.18274,216.73236,113.24524
180.92561,164.7655,222.4259,115.31348
181.65228,157.91858,228.07126,117.36426
182.38045,151.05774,233.66907,119.39783
183.11014,144.18274,239.2199,121.414185
183.8413,137.29358,244.72432,123.41382
184.57396,130.39014,250.18294,125.39673
185.30817,123.47241,250.18294,125.39673
186.04388,116.540405,255.59633,127.36328
186.78113,109.59412,260.96506,129.3136
187.51991,102.6333,266.28964,131.2478
184.57396,130.39014,271.57065,133.16626
185.30817,123.47241,276.80862,135.06909
186.04388,116.540405,282.00403,136.9563
186.78113,109.59412,276.80862,135.06909
181.51093,95.63855,282.00403,136.9563
186.90494,99.42822,287.15747,138.82837
192.30988,103.23328,292.26938,140.68542
197.73186,107.03772,297.3403,142.52759
203.17596,110.826294,302.37073,144.35486
208.64684,114.58325,307.3611,146.16772
214.14827,118.29297,302.37073,144.35486
219.68324,121.94153,307.3611,146.16772
225.25406,125.513916,312.31192,147.96619
230.86208,128.99707,317.2237,149.75049
236.5078,132.37805,322.09677,151.52075
242.19102,135.64441,326.93173,153.2771
242.51901,136.88562,331.72897,155.01978
248.3159,139.91064,336.48892,156.7489
260.96506,129.3136,321.3049,157.7522
266.28964,131.2478,320.5145,163.97217
271.57065,133.16626,319.72552,170.18054
276.80862,135.06909,318.93808,176.37726
282.00403,136.9563,318.15204,182.56244
276.80862,135.06909,317.3675,188.73627
282.00403,136.9563,316.5844,194.89844
287.15747,138.82837,315.80276,201.04938
292.26938,140.68542,315.0226,207.18878
297.3403,142.52759,317.3675,188.73627
302.37073,144.35486,316.5844,194.89844
307.3611,146.16772,315.80276,201.04938
302.37073,144.35486,315.0226,207.18878
307.3611,146.16772,314.24387,213.3169
312.31192,147.96619,313.46658,219.4336
317.2237,149.75049,312.6907,225.539
336.96277,154.21289,311.91626,231.63306
326.93173,153.2771,311.14325,237.71594
331.72897,155.01978,313.46658,219.4336
336.48892,156.7489,312.6907,225.539
335.1873,161.60535,311.91626,231.63306
333.79602,167.97437,311.14325,237.71594
332.27924,174.27722,310.37167,243.7876
330.64432,180.51465,309.60153,249.8482
328.90015,186.68756,308.8328,255.89746
327.05603,192.79773,308.0655,261.93573
325.12253,198.84766,307.29956,267.96283
323.11102,204.83997,306.53503,273.97894
321.03302,210.77783,309.60153,249.8482
321.99942,192.43353,308.8328,255.89746
319.81528,198.32208,308.0655,261.93573
317.6038,204.16504,307.29956,267.96283
315.3787,209.96704,306.53503,273.97894
313.1531,215.73322,305.77194,279.984
310.9411,221.46863,305.01022,285.97797
308.7559,227.17865,304.24988,291.96112
306.61096,232.86871,303.491,297.93323
304.51953,238.54407,302.73343,303.8944
305.52774,220.1095,301.9773,309.8448
303.57306,225.79077,301.2225,315.78424
301.70804,231.47083,300.4691,321.7129
299.94348,237.1546,299.71707,327.63086
298.28925,242.8471,298.9664,333.5379
296.7538,248.5528,298.21707,339.43433
295.34512,254.27582,298.21707,339.43433
294.06952,260.0199,297.46915,345.31995
292.93237,265.78833,296.7226,351.195
291.9377,271.58398,295.97733,357.0594
294.85846,247.1947,295.23346,362.9131
294.1537,253.06433,294.4909,368.75623
293.59555,258.96747,293.74973,374.58887
293.18237,264.90497,294.4909,368.75623
292.9108,270.87708,293.74973,374.58887
292.77634,276.8836,293.00986,380.4109
292.7727,282.92358,292.27133,386.22253
292.8926,288.99536,291.53412,392.02356
293.1273,295.09705,290.79828,397.81427
293.4664,301.2259,290.06375,403.59448
293.89923,307.37878,290.79828,397.81427
294.41327,313.55212,290.06375,403.59448
294.9959,319.742,289.3305,409.36438
295.6332,325.94403,288.5986,415.12384
296.31067,332.15363,287.86804,420.87305
297.01398,338.36597,287.1387,426.61188
298.48624,338.60907,286.41074,432.34045
299.19568,344.82538,285.68408,438.05878
299.8858,351.03033,287.1387,426.61188
300.54175,357.21893,286.41074,432.34045
301.14975,363.38678,285.68408,438.05878
301.6958,369.52893,284.95868,443.7669
302.16754,375.64136,284.23462,449.46484
304.06403,369.9662,283.51184,455.1526
304.34897,376.04254,282.79034,460.8302
304.52637,382.07935,282.0701,466.49768
304.58737,388.07373,281.35117,472.15503
304.5248,394.0235,283.51184,455.1526
304.3325,399.92694,282.79034,460.8302
304.0057,405.78284,282.0701,466.49768
305.0343,400.04718,281.35117,472.15503
304.42587,405.84277,280.6335,477.80243
303.67725,411.59003,279.91714,483.4397
302.78928,417.28986,279.20203,489.06708
301.76434,422.9433,278.4882,494.6844
300.60593,428.5522,277.77563,500.29175
299.31894,434.11884,279.91714,483.43976
297.90924,439.6458,279.20203,489.06708
298.5731,428.153,278.4882,494.6844
296.9325,433.65442,277.77563,500.29175
295.19345,439.12408,277.0643,505.88922
293.3663,444.56598,276.35425,511.47675
291.46146,449.984,275.64545,517.05444
289.49054,455.3824,274.9379,522.62225
287.4657,460.76538,274.2316,528.18024
285.39896,466.1374,273.52655,533.72845
283.30356,471.50275,276.35425,511.47675
284.03445,454.5116,275.64545,517.05444
281.91122,459.90924,274.9379,522.62225
279.79922,465.31,274.2316,528.18024
277.7112,470.71783,273.52655,533.72845
280.6335,477.80243,278.26495,533.97327
279.91714,483.4397,282.9685,534.2161
279.20203,489.06708,287.6375,534.45734
278.4882,494.6844,292.2725,534.6967
277.77563,500.29175,296.87372,534.9343
279.91714,483.43976,301.44153,535.1702
279.20203,489.06708,305.97638,535.4045
278.4882,494.6844,310.47858,535.637
277.77563,500.29175,314.94846,535.86786
277.0643,505.88922,319.3864,536.09705
276.35425,511.47675,323.79276,536.32465
275.64545,517.05444,323.79276,536.32465
274.9379,522.62225,328.16785,536.5506
274.2316,528.18024,332.51196,536.77496
267.14072,526.1919,336.82544,536.99774
276.35425,511.47675,341.10867,537.219
275.64545,517.05444,345.3619,537.43866
274.9379,522.62225,349.58548,537.6568
266.58713,525.87384,341.833,531.9662
273.52655,533.72845,342.5586,526.7045
278.26495,533.97327,343.28537,521.4341
282.9685,534.2161,344.01337,516.15485
287.6375,534.45734,344.74255,510.8667
292.2725,534.6967,345.473,505.5697
296.87372,534.9343,346.20468,500.2638
301.44153,535.1702,345.47302,505.56976
305.97638,535.4045,346.20468,500.26385
310.47858,535.637,346.93756,494.9491
314.94846,535.86786,347.67172,489.6253
319.3864,536.09705,348.40707,484.29266
323.79276,536.32465,349.14368,478.951
323.79276,536.32465,349.88153,473.60028
328.16785,536.5506,350.6206,468.2406
332.51196,536.77496,349.14368,478.951
336.82544,536.99774,349.88153,473.60028
350.4754,539.69434,350.6206,468.24054
345.3619,537.43866,351.36096,462.87177
349.58548,537.6568,352.10254,457.49396
341.833,531.9662,352.8454,452.107
354.8772,529.0271,353.5895,446.71088
356.05014,523.6699,354.3349,441.30566
344.01337,516.15485,355.0815,435.8913
344.74255,510.8667,356.37057,457.99884
345.473,505.5697,360.60846,458.50024
346.20468,500.2638,364.81653,458.99805
345.47302,505.56976,368.9951,459.49237
346.20468,500.26385,373.14447,459.98334
346.93756,494.9491,377.26492,460.47076
347.67172,489.6253,381.3568,460.95483
348.40707,484.29266,385.4204,461.4356
349.14368,478.951,389.45596,461.91302
349.88153,473.60028,377.26495,460.47076
350.6206,468.2406,381.3568,460.95483
349.14368,478.951,385.4204,461.4356
349.88153,473.60028,389.456,461.91302
350.6206,468.24054,393.46387,462.38715
351.36096,462.87177,397.4443,462.8581
359.2805,449.30878,401.39758,463.3258
352.8454,452.107,405.32404,463.79028
353.5895,446.71088,409.22388,464.2517
354.3349,441.30566,413.09735,464.70996
355.0815,435.8913,397.44434,462.8581
356.37057,457.99884,401.39758,463.3258
364.0857,445.70978,405.32404,463.79028
367.5176,445.89386,409.22382,464.2516
370.89255,446.2072,413.09735,464.7099
373.14447,459.98334,413.85153,459.60175
377.26492,460.47076,414.60693,454.48535
381.3568,460.95483,415.36356,449.36078
385.4204,461.4356,416.1214,444.2279
389.45596,461.91302,416.88046,439.0868
377.26495,460.47076,417.64075,433.93738
381.3568,460.95483,418.40225,428.77966
385.4204,461.4356,419.165,423.61353
389.456,461.91302,419.929,418.43915
393.46387,462.38715,420.69418,413.2563
397.4443,462.8581,421.46063,408.06512
401.39758,463.3258,421.46063,408.0652
405.32404,463.79028,422.22833,402.8656
409.22388,464.2517,422.99725,397.6576
413.09735,464.70996,423.76746,392.4411
397.44434,462.8581,424.53888,387.21613
401.39758,463.3258,425.31158,381.9826
405.32404,463.79028,426.08554,376.74066
409.22382,464.2516,427.9219,387.6209
413.09735,464.7099,431.32907,388.02863
413.85153,459.60175,434.76068,388.4392
414.60693,454.48535,438.217,388.85278
415.36356,449.36078,441.69824,389.26935
416.1214,444.2279,445.2047,389.6889
416.88046,439.0868,448.73672,390.1115
417.64075,433.93738,445.2047,389.6889
418.40225,428.77966,448.73672,390.1115
419.165,423.61353,452.29453,390.53723
419.929,418.43915,455.8784,390.96606
420.69418,413.2563,459.4886,391.39807
421.46063,408.06512,463.12546,391.83325
421.46063,408.0652,466.78925,392.27167
422.22833,402.8656,470.4803,392.71332
422.99725,397.6576,463.12546,391.83325
423.76746,392.4411,466.78925,392.27167
432.31174,394.53003,470.4803,392.71332
425.31158,381.9826,474.19888,393.1582
426.08554,376.74066,477.94534,393.6065
427.9219,387.6209,481.71997,394.0581
436.17117,399.07874,485.52313,394.51324
434.76068,388.4392,489.35504,394.97174
438.217,388.85278,493.21613,395.43378
441.69824,389.26935,481.71997,394.0581
446.2981,402.88873,485.52313,394.51324
448.83304,403.54156,489.35504,394.97174
445.2047,389.6889,493.21613,395.43378
446.86575,403.5091,497.10672,395.8993
449.44556,403.76508,501.0271,396.3684
452.0772,403.89075,504.97766,396.84113
459.4886,391.39807,508.9587,397.3175
463.12546,391.83325,512.97064,397.7975
466.78925,392.27167,496.213,401.51526
470.4803,392.71332,495.32092,407.1214
463.12546,391.83325,494.43036,412.71777
466.78925,392.27167,493.54132,418.30444
470.4803,392.71332,492.65387,423.8813
474.19888,393.1582,491.76794,429.44855
477.94534,393.6065,490.88358,435.00604
481.71997,394.0581,490.00076,440.5539
485.52313,394.51324,489.11942,446.09222
489.35504,394.97174,488.23962,451.62085
493.21613,395.43378,491.76794,429.44855
481.71997,394.0581,490.88358,435.00604
485.52313,394.51324,490.00076,440.5539
489.35504,394.97174,489.11942,446.09222
493.21613,395.43378,488.23962,451.62085
497.10672,395.8993,487.36136,457.1399
501.0271,396.3684,486.4846,462.64935
504.97766,396.84113,485.60938,468.1494
508.9587,397.3175,484.7357,473.63983
512.97064,397.7975,483.86346,479.1209
496.213,401.51526,479.95486,478.68054
495.32092,407.1214,476.01758,478.23688
494.43036,412.71777,472.05145,477.78998
493.54132,418.30444,468.0561,477.33978
492.65387,423.8813,464.03122,476.8863
491.76794,429.44855,459.97647,476.42944
490.88358,435.00604,459.97647,476.42944
490.00076,440.5539,455.89148,475.96918
489.11942,446.09222,451.77594,475.50543
488.23962,451.62085,447.62955,475.03827
491.76794,429.44855,443.4519,474.56744
490.88358,435.00604,439.24265,474.09326
490.00076,440.5539,435.00146,473.6153
489.11942,446.09222,439.24268,474.09326
488.23962,451.62085,435.00146,473.6153
487.36136,457.1399,430.72797,473.1338
486.4846,462.64935,426.42178,472.64862
485.60938,468.1494,422.0825,472.15967
484.7357,473.63983,417.7098,471.66693
478.75998,491.3935,413.30322,471.17047
479.95486,478.68054,421.21805,477.9524
476.01758,478.23688,420.35513,483.73462
472.05145,477.78998,419.49384,489.50616
468.0561,477.33978,418.6341,495.26733
464.03122,476.8863,417.77588,501.01807
459.97647,476.42944,416.91928,506.75824
459.97647,476.42944,416.06418,512.4881
455.89148,475.96918,415.21066,518.2075
451.77594,475.50543,416.91928,506.75824
447.62955,475.03827,416.06418,512.4881
443.4519,474.56744,415.21066,518.2075
439.24265,474.09326,414.35867,523.9166
435.00146,473.6153,413.50824,529.61536
439.24268,474.09326,412.65936,535.30383
435.00146,473.6153,411.81198,540.98193
430.72797,473.1338,410.96613,546.6499
426.42178,472.64862,410.1218,552.3076
422.0825,472.15967,412.65936,535.30383
417.7098,471.66693,411.81198,540.98193
413.30322,471.17047,410.96613,546.6499
421.21805,477.9524,410.12183,552.3076
427.87253,484.1734,409.27902,557.9552
425.77017,489.64062,408.43774,563.5925
423.6122,495.091,407.598,569.21985
421.4106,500.5288,406.75974,574.837
416.91928,506.75824,405.92297,580.444
416.06418,512.4881,405.6169,556.84125
415.21066,518.2075,401.98337,555.73596
416.91928,506.75824,398.37805,554.6393
416.06418,512.4881,394.80066,553.5511
415.21066,518.2075,391.25082,552.4713
414.35867,523.9166,387.72824,551.3998
413.50824,529.61536,384.23267,550.3365
412.65936,535.30383,380.7637,549.2814
411.81198,540.98193,377.3211,548.23413
410.96613,546.6499,373.9045,547.1949
410.1218,552.3076,387.72827,551.3998
412.65936,535.30383,384.23267,550.3365
411.81198,540.98193,380.7637,549.2814
410.96613,546.6499,377.3211,548.23413
410.12183,552.3076,373.90454,547.1949
409.27902,557.9552,370.51373,546.1634
408.43774,563.5925,367.14835,545.1398
407.598,569.21985,363.80817,544.1238
406.75974,574.837,360.4929,543.1153
405.92297,580.444,357.2022,542.1144
403.94937,543.38873,353.93588,541.1208
401.4077,541.97876,350.69363,540.1346
398.89587,540.7196,347.4752,539.1556
396.40298,539.6113,344.28027,538.1837
393.91797,538.65265,341.10867,537.219
391.42993,537.84076,337.9601,536.2612
384.23267,550.3365,340.38553,542.463
380.7637,549.2814,339.66357,547.69836
377.3211,548.23413,338.9428,552.925
373.9045,547.1949,338.2233,558.1429
387.72827,551.3998,337.50494,563.3522
384.23267,550.3365,336.7878,568.55273
380.7637,549.2814,336.07184,573.7447
377.3211,548.23413,334.6435,584.1028
373.90454,547.1949,335.3571,578.92804
370.51373,546.1634,336.07184,573.7447
367.14835,545.1398,336.7878,568.55273
363.80817,544.1238,337.50494,563.3522
360.4929,543.1153,338.2233,558.1429
357.2022,542.1144,338.9428,552.925
353.93588,541.1208,338.2233,558.1429
350.69363,540.1346,338.9428,552.925
347.4752,539.1556,339.66357,547.69836
344.28027,538.1837,340.38553,542.463
363.72202,558.907,341.10867,537.219
337.9601,536.2612,341.833,531.9662
340.38553,542.463,342.5586,526.7045
352.7814,549.78217,343.28537,521.4341
338.9428,552.925,344.2803,538.1837
338.2233,558.1429,347.4752,539.1556
337.50494,563.3522,350.69363,540.1346
336.7878,568.55273,353.93588,541.1208
336.07184,573.7447,357.2022,542.1144
334.6435,584.1028,360.4929,543.1153
335.3571,578.92804,363.80817,544.1238
336.07184,573.7447,367.14835,545.1398
336.7878,568.55273,370.5137,546.1634
337.50494,563.3522,360.49292,543.1153
338.2233,558.1429,363.80817,544.1238
338.9428,552.925,367.14835,545.1398
338.2233,558.1429,370.5137,546.1634
338.9428,552.925,373.90454,547.1949
339.66357,547.69836,377.3211,548.23413
340.38553,542.463,380.7637,549.2814
331.4796,544.7973,384.23267,550.3365
341.833,531.9662,387.72824,551.3998
342.5586,526.7045,377.3211,548.23413
343.28537,521.4341,380.7637,549.2814
344.2803,538.1837,384.23267,550.3365
336.5357,540.65106,387.72824,551.3998
339.812,540.309,391.25082,552.4713
343.22467,539.96216,394.80066,553.5511
346.77246,539.62463,398.37805,554.6393
350.45312,539.3094,401.98337,555.73596
363.80817,544.1238,405.61688,556.84125
367.14835,545.1398,409.27902,557.9552
370.5137,546.1634,394.80066,553.5511
360.49292,543.1153,398.37805,554.6393
357.16434,534.5395,401.98337,555.73596
361.41995,534.61774,405.61688,556.84125
365.76102,534.803,409.27902,557.9552
373.90454,547.1949,408.43777,563.5925
377.3211,548.23413,407.598,569.21985
380.7637,549.2814,406.75974,574.837
384.23267,550.3365,405.923,580.444
387.72824,551.3998,405.08774,586.041
377.3211,548.23413,404.25397,591.6279
380.7637,549.2814,403.4217,597.2049
384.23267,550.3365,402.59094,602.772
387.72824,551.3998,401.76163,608.329
391.25082,552.4713,400.9338,613.87616
394.80066,553.5511,400.10748,619.41345
398.37805,554.6393,400.1075,619.41345
401.98337,555.73596,399.28262,624.9408
405.61688,556.84125,398.45923,630.4584
409.27902,557.9552,397.6373,635.9661
394.80066,553.5511,396.8168,641.4641
398.37805,554.6393,395.9978,646.9523
401.98337,555.73596,395.18024,652.4307
405.61688,556.84125,401.13492,641.3097
409.27902,557.9552,405.421,641.1565
408.43777,563.5925,409.6754,641.0044
407.598,569.21985,413.89847,640.8534
406.75974,574.837,418.09058,640.70355
405.923,580.444,422.25198,640.5548
405.08774,586.041,426.38312,640.4071
404.25397,591.6279,422.252,640.5548
403.4217,597.2049,426.38312,640.4071
402.59094,602.772,430.48428,640.2605
401.76163,608.329,434.5558,640.1149
400.9338,613.87616,438.59793,639.9704
400.10748,619.41345,442.6111,639.82697
400.1075,619.41345,446.59552,639.6845
399.28262,624.9408,450.55157,639.5431
398.45923,630.4584,442.61115,639.82697
397.6373,635.9661,446.59552,639.6845
405.38385,647.29926,450.55157,639.5431
395.9978,646.9523,454.4795,639.4027
395.18024,652.4307,458.37964,639.26324
401.13492,641.3097,462.0083,640.6117
405.421,641.1565,465.66382,641.97015
409.6754,641.0044,469.3465,643.3387
413.89847,640.8534,473.05664,644.7174
418.09058,640.70355,476.79453,646.1065
422.25198,640.5548,480.5605,647.5059
426.38312,640.4071,484.35486,648.916
422.252,640.5548,488.17798,650.3367
426.38312,640.4071,492.03012,651.7682
430.48428,640.2605,495.9116,653.21063
434.5558,640.1149,499.82278,654.6641
438.59793,639.9704,503.76407,656.12866
442.6111,639.82697,507.73572,657.6047
446.59552,639.6845,511.7382,659.09204
450.55157,639.5431,515.7717,660.59094
442.61115,639.82697,519.8368,662.10156
446.59552,639.6845,523.9337,663.624
450.55157,639.5431,528.0628,665.1585
454.4795,639.4027,532.2245,666.705
450.54654,633.7061,536.4192,668.26385
462.0083,640.6117,540.30084,668.00415
465.66382,641.97015,544.1531,667.7464
469.3465,643.3387,547.97614,667.4906
473.05664,644.7174,551.77045,667.2367
476.79453,646.1065,555.5363,666.9848
480.5605,647.5059,559.2742,666.7346
484.35486,648.916,562.9841,666.48645
488.17798,650.3367,566.6666,666.24005
492.03012,651.7682,570.32184,665.9955
495.9116,653.21063,573.9503,665.7527
499.82278,654.6641,577.55206,665.5117
503.76407,656.12866,581.1275,665.27246
507.73572,657.6047,584.677,665.035
511.7382,659.09204,588.20074,664.7992
