114.59923,971.37964,114.064156,911.02136
115.94849,970.98926,114.64861,905.6206
117.21768,970.5342,115.23416,900.20996
108.27759,964.4916,115.820786,894.7894
119.46605,969.4504,114.64861,905.6206
120.423004,968.833,115.23416,900.20996
121.255775,968.1737,115.820786,894.7894
121.95645,967.4795,116.40843,889.3591
123.1054,961.45544,116.99723,883.9186
124.11093,955.41437,117.58705,878.46826
124.96908,949.36346,118.17797,873.0078
110.57962,943.22,118.77001,867.5374
126.234924,937.26013,119.363106,862.0569
111.73691,932.5261,122.52677,882.8281
112.3171,927.16455,128.01398,881.74603
112.898415,921.79333,133.4594,880.6721
111.73691,932.5261,138.86343,879.60645
112.3171,927.16455,144.2266,878.5487
112.898415,921.79333,149.5493,877.499
113.48075,916.41223,154.83209,876.4572
114.064156,911.02136,160.0754,875.42316
114.64861,905.6206,165.27954,874.39685
115.23416,900.20996,149.5493,877.499
115.820786,894.7894,154.83209,876.4572
114.64861,905.6206,160.07536,875.42316
115.23416,900.20996,165.27954,874.39685
115.820786,894.7894,170.44507,873.3782
116.40843,889.3591,175.57242,872.36694
120.55982,873.07794,180.66196,871.3633
117.58705,878.46826,185.71411,870.36694
118.17797,873.0078,190.72931,869.3779
118.77001,867.5374,195.70795,868.39606
119.363106,862.0569,171.06021,868.121
122.52677,882.8281,171.67642,862.8545
128.01398,881.74603,172.29376,857.5787
133.4594,880.6721,172.91217,852.2936
138.86343,879.60645,173.53168,846.999
144.2266,878.5487,174.15227,841.6951
149.5493,877.499,174.77397,836.38196
154.83209,876.4572,175.39679,831.05914
160.0754,875.42316,176.02075,825.7268
165.27954,874.39685,176.64575,820.38513
149.5493,877.499,177.27194,815.03394
154.83209,876.4572,177.27194,815.0338
160.07536,875.42316,177.89917,809.6731
165.27954,874.39685,178.52756,804.3027
156.79681,875.2666,179.15706,798.9227
175.57242,872.36694,179.78769,793.5331
180.66196,871.3633,180.41946,788.1339
185.71411,870.36694,174.5879,794.26404
190.72931,869.3779,169.34865,795.0005
195.70795,868.39606,164.06955,795.74243
171.06021,868.121,158.75006,796.49023
171.67642,862.8545,153.38982,797.24365
172.29376,857.5787,147.98831,798.0029
172.91217,852.2936,142.54509,798.76794
173.53168,846.999,147.98831,798.0028
174.15227,841.6951,142.54509,798.768
174.77397,836.38196,137.05962,799.53894
175.39679,831.05914,131.5314,800.31604
176.02075,825.7268,125.95994,801.0991
176.64575,820.38513,120.34479,801.8884
177.27194,815.03394,114.68541,802.68384
177.27194,815.0338,108.981186,803.4857
177.89917,809.6731,126.56636,795.4956
178.52756,804.3027,127.173935,789.8817
179.15706,798.9227,127.78261,784.2573
179.78769,793.5331,128.39241,778.62244
180.41946,788.1339,129.00334,772.97705
174.5879,794.26404,129.61545,767.32117
169.34865,795.0005,130.22862,761.6546
164.06955,795.74243,130.84303,755.9774
158.75006,796.49023,129.61545,767.32104
153.38982,797.24365,130.22862,761.65466
147.98831,798.0029,130.8431,755.9774
142.54509,798.76794,131.45857,750.2896
147.98831,798.0028,132.07524,744.5912
142.54509,798.768,132.69315,738.88196
137.05962,799.53894,133.31215,733.16205
131.5314,800.31604,133.9323,727.4315
138.69008,798.40576,134.55363,721.69
120.34479,801.8884,132.69315,738.88196
114.68541,802.68384,133.31215,733.16205
108.981186,803.4857,133.9323,727.4314
134.96722,791.16754,134.55363,721.69
134.25575,785.3013,135.17618,715.93774
133.47337,779.47174,135.79982,710.17456
132.63362,773.67975,136.42468,704.4006
129.00334,772.97705,137.05074,698.6157
130.83803,762.20746,137.67795,692.8198
130.22862,761.6546,140.78966,715.47986
130.84303,755.9774,146.359,715.02563
129.61545,767.32104,151.88467,714.57495
130.22862,761.65466,157.36725,714.1278
130.8431,755.9774,162.80714,713.68414
131.45857,750.2896,168.20494,713.2439
132.07524,744.5912,173.56111,712.80707
132.69315,738.88196,178.87608,712.37354
133.31215,733.16205,184.15039,711.94336
133.9323,727.4315,189.38445,711.5165
134.55363,721.69,168.20494,713.2439
132.69315,738.88196,173.56111,712.80707
133.31215,733.16205,178.87608,712.37354
133.9323,727.4314,184.15039,711.94336
134.55363,721.69,189.38445,711.5165
129.97491,705.1736,194.57877,711.09283
135.79982,710.17456,199.73372,710.67236
136.42468,704.4006,204.84985,710.2551
137.05074,698.6157,209.92752,709.84094
137.67795,692.8198,214.9672,709.42993
134.02007,711.05927,219.96927,709.022
139.4423,712.06274,219.9693,709.022
144.88928,713.08746,224.93427,708.617
150.36284,714.11884,229.86241,708.2151
155.86418,715.1426,234.75429,707.81604
161.39372,716.1444,239.61018,707.42004
166.95131,717.11053,244.43057,707.02686
178.87608,712.37354,244.43057,707.02686
178.14583,718.8827,249.21576,706.6366
189.38445,711.5165,253.9662,706.24915
163.15111,722.6731,258.68222,705.8645
169.01001,723.2772,263.3643,705.48267
174.87837,723.77405,268.01263,705.1035
180.75143,724.155,272.6277,704.7271
189.38445,711.5165,264.0417,700.23065
194.57877,711.09283,264.72028,694.9697
199.73372,710.67236,265.40002,689.6997
204.84985,710.2551,266.08093,684.42065
209.92752,709.84094,266.763,679.13245
214.9672,709.42993,267.44632,673.83514
219.96927,709.022,268.13074,668.52875
219.9693,709.022,268.8164,663.2131
224.93427,708.617,267.44632,673.83514
229.86241,708.2151,268.13074,668.52875
234.75429,707.81604,268.81635,663.2131
239.61018,707.42004,269.50317,657.8883
244.43057,707.02686,270.1912,652.5543
244.43057,707.02686,270.88037,647.2111
249.21576,706.6366,271.57077,641.85864
253.9662,706.24915,272.26236,636.49677
258.68222,705.8645,270.88037,647.2111
275.1911,704.6892,271.57077,641.85864
268.01263,705.1035,272.26236,636.4968
272.6277,704.7271,272.95514,631.1258
264.0417,700.23065,273.64914,625.74536
272.90356,692.7906,274.34433,620.3556
265.40002,689.6997,275.0407,614.9564
266.08093,684.42065,275.73834,609.54785
271.32712,676.25806,276.43716,604.1299
267.44632,673.83514,274.34433,620.3556
268.13074,668.52875,275.04074,614.9564
268.8164,663.2131,275.73834,609.54785
267.44632,673.83514,276.43716,604.1299
265.9317,664.9115,277.13724,598.70245
265.2646,659.58124,277.83853,593.2655
269.50317,657.8883,278.54102,587.81915
270.1912,652.5543,279.24478,582.3631
263.51453,643.70953,279.9497,576.8976
271.57077,641.85864,277.83856,593.2655
272.26236,636.49677,278.54102,587.81915
270.88037,647.2111,279.24472,582.36316
260.18655,638.8007,279.9497,576.8976
260.11847,633.63696,280.6559,571.42255
260.1712,628.4799,281.36334,565.9378
273.64914,625.74536,282.07205,560.4435
274.34433,620.3556,282.78198,554.9395
275.0407,614.9564,283.49313,549.42584
275.73834,609.54785,284.20557,543.90247
276.43716,604.1299,281.36334,565.9378
274.34433,620.3556,282.07205,560.4435
261.5883,614.19073,282.78198,554.9395
262.74258,609.06226,283.49313,549.42584
264.03262,603.9182,284.20557,543.9026
277.13724,598.70245,284.91925,538.36945
266.99622,593.576,285.6342,532.8266
278.54102,587.81915,286.35037,527.2739
279.24478,582.3631,287.06787,521.71155
272.2769,577.90155,287.7866,516.1392
277.83856,593.2655,288.50662,510.55707
278.54102,587.81915,288.50662,510.55707
275.4462,584.2133,289.2279,504.96503
277.54654,578.9019,289.95044,499.3631
279.6749,573.5611,290.67432,493.75122
281.81628,568.1907,291.3994,488.12933
282.07205,560.4435,292.12585,482.4975
286.078,557.3626,292.1259,482.4975
288.16843,551.9058,292.85355,476.85565
290.21255,546.42163,293.58258,471.20374
281.36334,565.9378,294.31287,465.54175
290.47443,563.2336,295.0445,459.8697
292.29153,557.6931,295.77737,454.18744
283.49313,549.42584,296.5116,448.49512
284.20557,543.9026,295.7774,454.18744
284.91925,538.36945,296.5116,448.49512
298.49902,535.288,297.2472,442.79248
299.74362,529.63306,297.98404,437.07977
300.8531,523.9595,298.7222,431.3568
301.82373,518.2685,299.46173,425.62354
288.50662,510.55707,300.2025,419.87994
302.61005,512.4116,300.9447,414.12604
289.2279,504.96503,299.46173,425.62354
303.56448,500.93256,300.20255,419.87994
303.83682,495.17487,300.94467,414.12604
303.97842,489.40588,301.68817,408.36188
303.99536,483.62646,302.433,402.58728
292.1259,482.4975,303.1792,396.8023
292.85355,476.85565,303.9267,391.00684
293.58258,471.20374,304.67557,385.201
294.31287,465.54175,303.1792,396.8023
301.76825,460.19415,303.9267,391.00684
301.2236,454.3659,304.67557,385.201
296.5116,448.49512,305.42578,379.38452
295.7774,454.18744,306.17737,373.55762
297.86044,448.09277,306.93033,367.7202
297.2472,442.79248,307.68463,361.8722
297.98404,437.07977,308.4403,356.0136
295.82175,430.54547,309.19733,350.1443
299.46173,425.62354,306.93033,367.7202
300.2025,419.87994,307.68463,361.8722
300.9447,414.12604,308.4403,356.0136
299.46173,425.62354,309.19733,350.1443
290.94885,418.2834,309.95575,344.2644
290.6316,412.42584,310.71555,338.37384
301.68817,408.36188,311.47668,332.47253
302.433,402.58728,312.23932,326.56042
290.3261,394.8136,313.00327,320.63757
303.9267,391.00684,310.71558,338.37384
304.67557,385.201,311.4767,332.47253
303.1792,396.8023,312.2393,326.56042
289.5172,388.72968,313.00323,320.63757
290.2217,382.88324,313.76855,314.70392
291.0746,377.0337,314.53537,308.75946
306.17737,373.55762,315.30347,302.80408
306.93033,367.7202,316.07306,296.83783
307.68463,361.8722,316.844,290.86066
308.4403,356.0136,317.61636,284.8725
309.19733,350.1443,314.53537,308.75946
306.93033,367.7202,315.3035,302.80408
297.9551,359.85083,316.073,296.83783
299.8472,354.06635,316.844,290.86066
301.83224,348.28363,317.61636,284.8725
309.95575,344.2644,322.3747,286.0827
310.71555,338.37384,327.09656,287.28363
311.47668,332.47253,331.7825,288.47534
312.23932,326.56042,336.43283,289.65814
313.00327,320.63757,341.04797,290.83185
310.71558,338.37384,345.6284,291.99677
311.4767,332.47253,345.6284,291.9969
312.2393,326.56042,350.17435,293.153
313.00323,320.63757,354.68634,294.30054
313.76855,314.70392,359.1647,295.4395
314.53537,308.75946,363.60983,296.57
315.30347,302.80408,368.02206,297.69214
316.07306,296.83783,368.02206,297.69214
316.844,290.86066,372.4018,298.8061
318.8443,298.9187,376.74936,299.91174
314.53537,308.75946,381.06512,301.0094
315.3035,302.80408,385.34943,302.099
316.073,296.83783,389.60263,303.18073
316.844,290.86066,393.825,304.25464
317.61636,284.8725,389.60263,303.18073
322.3747,286.0827,393.825,304.25464
333.62747,294.6316,398.01703,305.3208
338.8788,294.4743,402.17886,306.3792
344.025,294.2578,406.31094,307.43018
349.06085,293.99646,410.4135,308.47357
353.9821,293.70496,414.48697,309.50952
345.6284,291.9969,418.53156,310.5382
350.17435,293.153,410.4135,308.47363
363.53802,291.6388,414.487,309.50952
368.00888,291.37848,418.53156,310.5382
372.35666,291.161,422.5476,311.55963
376.58255,290.9995,426.5354,312.57385
368.02206,297.69214,430.49527,313.58093
380.32205,289.7448,434.4275,314.58105
376.74936,299.91174,438.3323,315.5741
381.06512,301.0094,430.49527,313.581
391.73282,290.30304,434.42746,314.58105
395.33615,290.7107,438.3323,315.5741
398.85056,291.2397,442.21005,316.56036
389.60263,303.18073,446.06104,317.5398
397.28348,290.44476,449.88547,318.51245
400.6404,291.37402,453.68362,319.4784
402.17886,306.3792,457.45584,320.43787
406.31094,307.43018,461.20236,321.39062
410.4135,308.47357,449.88547,318.51245
413.59503,296.37854,453.68362,319.4784
418.53156,310.5382,457.45584,320.43787
410.4135,308.47363,461.20236,321.39062
411.0309,298.20282,464.92337,322.33704
414.27823,300.10394,468.61926,323.27698
417.53958,302.09186,472.29016,324.21063
426.5354,312.57385,475.93637,325.13794
430.49527,313.58093,479.55817,326.05908
434.4275,314.58105,468.61926,323.27698
438.3323,315.5741,472.29016,324.21063
430.49527,313.581,475.93637,325.13794
426.17712,312.2788,479.55817,326.05908
429.8008,314.596,483.15576,326.97406
433.48196,316.90576,486.72943,327.88293
437.22293,319.19568,490.27933,328.78583
449.88547,318.51245,493.8058,329.68268
453.68362,319.4784,497.30896,330.5736
457.45584,320.43787,500.78918,331.4588
461.20236,321.39062,486.72943,327.88293
449.88547,318.51245,490.27933,328.78583
446.02106,328.2025,493.8058,329.68268
450.27274,330.06836,497.30896,330.5736
454.57117,331.8282,500.78918,331.45874
464.92337,322.33704,504.24655,332.33813
463.2876,335.00262,507.6814,333.2116
467.69357,336.40582,511.09384,334.07953
475.93637,325.13794,514.4842,334.94183
479.55817,326.05908,517.85266,335.79846
468.61926,323.27698,521.19934,336.64972
472.29016,324.21063,521.19934,336.64972
475.56827,337.98535,524.5246,337.49542
480.0867,338.6187,527.82855,338.3357
484.57776,339.12378,531.1114,339.1706
489.0324,339.50507,534.3734,340.00024
493.44208,339.76837,537.6147,340.8246
493.8058,329.68268,537.6147,340.8246
497.30896,330.5736,540.83545,341.64374
500.78918,331.4588,544.036,342.4577
486.72943,327.88293,547.2164,343.26654
497.1211,335.24115,550.37683,344.07043
501.2077,334.982,553.51764,344.86914
505.19696,334.67108,556.63885,345.66302
500.78918,331.45874,549.57635,348.89044
504.24655,332.33813,548.77704,353.7033
507.6814,333.2116,547.9789,358.50903
511.09384,334.07953,547.18195,363.30774
514.4842,334.94183,546.3862,368.09912
517.85266,335.79846,545.59155,372.88354
521.19934,336.64972,544.79816,377.66083
521.19934,336.64972,544.006,382.4311
524.5246,337.49542,545.59155,372.88354
527.82855,338.3357,544.79816,377.66083
531.1114,339.1706,544.006,382.4311
534.3734,340.00024,543.2149,387.19427
537.6147,340.8246,542.425,391.95032
537.6147,340.8246,541.6363,396.69952
540.83545,341.64374,540.8487,401.4416
544.036,342.4577,540.06226,406.1767
547.2164,343.26654,541.6363,396.69952
542.1698,343.61694,540.8487,401.4416
553.51764,344.86914,540.0623,406.1767
556.63885,345.66302,539.277,410.90485
539.27075,347.831,538.4929,415.62604
537.97363,352.4502,537.71,420.34027
536.7832,357.08435,536.9282,425.0476
547.18195,363.30774,536.1476,429.748
534.7375,366.40552,535.36804,434.44147
545.59155,372.88354,535.33057,415.05334
544.79816,377.66083,532.14844,414.4771
544.006,382.4311,528.9465,413.89734
545.59155,372.88354,525.72437,413.31384
544.79816,377.66083,522.48206,412.72675
544.006,382.4311,519.2193,412.13586
543.2149,387.19427,515.93585,411.54126
542.425,391.95032,512.63153,410.94293
541.6363,396.69952,509.3062,410.34076
540.8487,401.4416,519.2193,412.13586
540.06226,406.1767,515.93585,411.54126
541.6363,396.69952,512.63153,410.94293
540.8487,401.4416,509.3062,410.34076
540.0623,406.1767,505.95956,409.7348
539.277,410.90485,502.59152,409.12488
530.6377,422.02405,499.2018,408.51105
537.71,420.34027,495.79025,407.89325
536.9282,425.0476,492.3566,407.27155
536.1476,429.748,488.9006,406.6457
535.36804,434.44147,502.59152,409.12488
530.2262,425.46173,499.2018,408.51105
527.7736,425.43854,495.79025,407.89325
525.3459,425.3058,492.3566,407.27148
522.93524,425.05786,488.9006,406.6457
522.48206,412.72675,488.11783,411.59637
519.2193,412.13586,487.33624,416.53925
515.93585,411.54126,486.55588,421.4746
512.63153,410.94293,485.7767,426.40234
509.3062,410.34076,484.9987,431.3225
519.2193,412.13586,484.22192,436.23517
515.93585,411.54126,484.22192,436.23517
512.63153,410.94293,483.44635,441.14026
509.3062,410.34076,482.67194,446.03778
505.95956,409.7348,481.89877,450.92786
502.59152,409.12488,481.1267,455.81036
499.2018,408.51105,480.35583,460.68542
495.79025,407.89325,480.35583,460.68542
492.3566,407.27155,479.5862,465.55304
488.9006,406.6457,478.81772,470.41327
502.59152,409.12488,478.05038,475.266
499.2018,408.51105,477.28424,480.11127
495.79025,407.89325,476.51926,484.94928
492.3566,407.27148,475.75543,489.7798
488.9006,406.6457,480.7379,480.49493
488.11783,411.59637,484.16962,480.8761
487.33624,416.53925,487.57947,481.25482
486.55588,421.4746,490.96768,481.6311
485.7767,426.40234,494.3345,482.00513
484.9987,431.3225,497.6801,482.3767
484.22192,436.23517,501.00473,482.74597
484.22192,436.23517,504.30856,483.1129
483.44635,441.14026,497.6801,482.3767
482.67194,446.03778,501.00473,482.74597
481.89877,450.92786,504.30856,483.1129
481.1267,455.81036,507.59174,483.4776
480.35583,460.68542,510.8545,483.84003
480.35583,460.68542,514.09705,484.2002
479.5862,465.55304,517.3195,484.5581
478.81772,470.41327,520.52216,484.91376
478.05038,475.266,514.09705,484.2002
475.29913,468.52155,517.3195,484.5581
476.51926,484.94928,520.52216,484.91376
475.75543,489.7798,523.70514,485.26733
476.39124,470.60382,526.8686,485.6187
479.1134,471.7696,530.01276,485.9679
487.57947,481.25482,533.13776,486.31506
484.652,474.3357,536.2438,486.66003
487.48102,475.71722,539.33105,487.00287
497.6801,482.3767,526.10266,490.2306
501.00473,482.74597,525.3378,494.83575
504.30856,483.1129,524.5741,499.4342
497.6801,482.3767,523.8115,504.026
501.00473,482.74597,523.05,508.61108
504.30856,483.1129,522.2896,513.1896
507.59174,483.4776,521.53033,517.7615
510.8545,483.84003,520.7721,522.32666
514.09705,484.2002,520.015,526.88525
517.3195,484.5581,522.2896,513.1896
520.52216,484.91376,521.53033,517.7614
514.09705,484.2002,520.7721,522.32666
517.3195,484.5581,520.015,526.88525
520.52216,484.91376,519.25903,531.4373
523.70514,485.26733,518.50415,535.9827
531.7398,486.86902,517.75037,540.5216
530.01276,485.9679,516.99756,545.05396
533.13776,486.31506,516.246,549.57983
536.2438,486.66003,515.49536,554.0991
539.33105,487.00287,518.50415,535.9827
535.3902,492.05127,517.75037,540.5216
535.2467,496.73602,516.9976,545.05396
535.0043,501.38623,516.246,549.57983
534.65814,506.0011,515.49536,554.0991
523.05,508.61108,518.64,554.23773
522.2896,513.1896,521.76575,554.37555
521.53033,517.7615,524.8726,554.5125
520.7721,522.32666,527.961,554.6486
520.015,526.88525,531.0308,554.78406
522.2896,513.1896,534.08246,554.9186
521.53033,517.7614,534.08246,554.9186
520.7721,522.32666,537.11597,555.05225
520.015,526.88525,540.13153,555.18524
519.25903,531.4373,543.12933,555.3174
518.50415,535.9827,546.1095,555.4488
517.75037,540.5216,549.07214,555.5794
516.99756,545.05396,549.07214,555.5794
516.246,549.57983,552.0176,555.7092
523.89935,552.3209,554.94574,555.8383
518.50415,535.9827,557.8569,555.9666
517.75037,540.5216,560.7513,556.09424
516.9976,545.05396,563.6288,556.2211
516.246,549.57983,566.4898,556.3472
515.49536,554.0991,561.50037,551.7729
518.64,554.23773,562.2505,547.44556
521.76575,554.37555,563.0017,543.1123
524.8726,554.5125,563.7539,538.773
527.961,554.6486,564.50714,534.4278
531.0308,554.78406,565.2615,530.0765
534.08246,554.9186,566.0168,525.7192
534.08246,554.9186,566.7732,521.35583
537.11597,555.05225,565.2615,530.0765
540.13153,555.18524,566.0168,525.7192
543.12933,555.3174,566.7732,521.35583
546.1095,555.4488,567.53064,516.9864
549.07214,555.5794,568.2892,512.61096
549.07214,555.5794,569.0487,508.2295
552.0176,555.7092,569.80927,503.84186
554.94574,555.8383,570.571,499.44812
557.8569,555.9666,571.3337,495.04828
550.17816,554.63763,570.571,499.44812
563.6288,556.2211,569.8093,503.8418
566.4898,556.3472,569.0487,508.2295
552.17615,550.8257,568.2892,512.61096
553.5384,546.6681,567.53064,516.9864
554.9927,542.5052,566.7732,521.35583
563.7539,538.773,566.0168,525.7192
558.14856,534.15857,565.2615,530.0765
559.8338,529.9726,567.53064,516.9864
561.57806,525.7769,566.7732,521.35583
566.7732,521.35583,566.0168,525.7192
559.9556,524.8616,565.2615,530.0765
564.76874,526.36566,564.50714,534.4278
566.6375,522.1428,563.7539,538.773
568.5107,517.90533,563.0017,543.1123
568.2892,512.61096,562.2505,547.44556
572.2236,509.38416,561.50037,551.7729
574.04034,505.10004,563.7539,538.773
570.571,499.44812,563.0017,543.1123
577.53937,496.48346,562.2505,547.44556
577.6512,501.03192,561.50037,551.7729
577.6914,505.5525,560.7513,556.09424
577.6521,510.04346,560.0031,560.40967
577.5267,514.50305,559.2561,564.71906
567.53064,516.9864,558.5101,569.02264
576.9934,523.3236,557.7651,573.32025
576.5767,527.68304,557.0211,577.612
565.2615,530.0765,557.8569,555.9666
567.53064,516.9864,554.94574,555.8383
566.7732,521.35583,552.0176,555.7092
566.0168,525.7192,549.07214,555.5794
565.2615,530.0765,546.1095,555.4488
564.50714,534.4278,543.12933,555.3174
563.7539,538.773,540.13153,555.18524
563.0017,543.1123,537.11597,555.05225
562.2505,547.44556,534.08246,554.9186
561.50037,551.7729,531.0308,554.78406
563.7539,538.773,527.961,554.6486
563.0017,543.1123,527.961,554.6486
562.2505,547.44556,524.8726,554.5125
561.50037,551.7729,521.76575,554.37555
569.11774,554.22534,518.64,554.23773
560.0031,560.40967,515.49536,554.0991
559.2561,564.71906,512.33167,553.95966
558.5101,569.02264,514.7459,558.6119
557.7651,573.32025,513.9975,563.1182
557.0211,577.612,513.2502,567.61804
557.8569,555.9666,512.50397,572.1114
554.94574,555.8383,511.75873,576.5983
552.0176,555.7092,511.01462,581.0788
549.07214,555.5794,510.27155,585.55286
546.1095,555.4488,509.5296,590.0205
543.12933,555.3174,508.78867,594.48175
540.13153,555.18524,508.0488,598.93665
537.11597,555.05225,507.31,603.3851
534.08246,554.9186,507.31,603.3851
531.0308,554.78406,506.57224,607.8273
527.961,554.6486,505.83554,612.2631
527.961,554.6486,505.09985,616.69257
524.8726,554.5125,504.36526,621.1158
521.76575,554.37555,503.63174,625.53265
518.64,554.23773,502.89923,629.94324
515.49536,554.0991,501.20203,621.17926
512.33167,553.95966,498.01965,621.2431
514.7459,558.6119,494.81805,621.3074
513.9975,563.1182,491.59705,621.372
513.2502,567.61804,488.35638,621.437
512.50397,572.1114,485.09595,621.50244
511.75873,576.5983,481.8156,621.56824
511.01462,581.0788,485.09595,621.50244
510.27155,585.55286,481.8156,621.56824
509.5296,590.0205,478.5151,621.63446
508.78867,594.48175,475.19424,621.7011
508.0488,598.93665,471.85287,621.7682
507.31,603.3851,468.49078,621.83563
507.31,603.3851,465.10782,621.9035
506.57224,607.8273,461.7037,621.9718
505.83554,612.2631,468.49078,621.83563
505.09985,616.69257,465.10782,621.9035
498.65222,629.0893,461.7037,621.97186
503.63174,625.53265,458.27832,622.0406
502.89923,629.94324,454.83145,622.10974
497.46512,631.2173,451.36282,622.1793
495.0271,631.8029,447.87238,622.2494
494.81805,621.3074,444.35974,622.3198
490.17798,632.66565,440.8248,622.3908
487.75085,632.93365,451.36282,622.1793
485.31107,633.0885,447.87238,622.2494
482.85025,633.12836,444.35974,622.3198
486.94147,632.8502,440.8248,622.3908
484.4541,632.65936,437.26733,622.46216
481.92102,632.35547,433.6871,622.534
479.33414,631.9414,430.0839,622.6063
471.85287,621.7682,426.4575,622.679
473.9688,630.7993,422.80765,622.7523
471.17615,630.08264,433.6871,622.534
461.7037,621.9718,430.0839,622.6063
475.5583,628.1282,426.4575,622.6791
472.5682,627.18146,422.80765,622.7523
469.48178,626.17487,419.1342,622.82605
466.2956,625.11884,415.43683,622.9002
463.00696,624.0246,411.7154,622.9749
451.36282,622.1793,407.96954,623.05005
456.1157,621.76855,404.19913,623.12573
452.51205,620.6309,400.40393,623.20184
448.80396,619.50336,415.43683,622.9002
459.10202,618.16473,411.7154,622.9749
455.28067,617.1072,407.96957,623.0501
451.36295,616.0955,404.19913,623.12573
447.3531,615.1411,400.40393,623.2019
443.25574,614.2547,396.5836,623.27856
439.07654,613.4465,392.73795,623.3557
434.82147,612.72546,388.86673,623.4334
426.4575,622.679,384.96967,623.5116
426.1107,611.57855,381.04648,623.59033
436.2284,611.0232,377.09695,623.66956
431.83255,610.7297,373.12082,623.7493
427.39822,610.55383,369.11777,623.82965
422.93335,610.4988,365.08752,623.9106
418.446,610.56616,361.02988,623.99194
413.94412,610.75665,356.9445,624.0739
409.43555,611.06946,356.9445,624.0739
407.96954,623.05005,352.8311,624.1565
400.42828,612.05347,348.68936,624.23956
400.40393,623.20184,344.51907,624.32324
410.314,613.2711,340.31985,624.40753
405.9994,614.1298,336.09146,624.4924
401.71896,615.0811,331.83353,624.5778
404.19913,623.12573,339.60703,629.5097
400.40393,623.2019,338.8954,634.60345
396.5836,623.27856,338.18494,639.68884
392.73795,623.3557,337.4756,644.7659
388.86673,623.4334,336.76743,649.8346
384.96967,623.5116,336.06046,654.895
381.04648,623.59033,335.3546,659.94714
377.09695,623.66956,336.06046,654.895
373.12082,623.7493,335.35464,659.94714
369.11777,623.82965,334.64993,664.991
365.08752,623.9106,333.94644,670.0266
361.02988,623.99194,333.24405,675.054
356.9445,624.0739,332.54285,680.0732
356.9445,624.0739,331.84274,685.08417
352.8311,624.1565,331.1438,690.087
348.68936,624.23956,332.54285,680.0732
344.51907,624.32324,331.8428,685.08417
345.53415,627.56024,331.1438,690.08704
336.09146,624.4924,330.446,695.08167
331.83353,624.5778,329.74933,700.06824
348.15213,632.7096,329.05383,705.0467
338.8954,634.60345,328.35938,710.017
348.51163,642.7843,327.66614,714.9794
348.53912,647.74634,326.97394,719.9336
336.76743,649.8346,325.53644,700.41187
336.06046,654.895,321.29446,700.7578
335.3546,659.94714,317.0232,701.1062
336.06046,654.895,312.72226,701.45703
335.35464,659.94714,308.3914,701.8102
334.64993,664.991,304.03027,702.1659
333.94644,670.0266,299.63852,702.5241
333.24405,675.054,295.21594,702.8848
332.54285,680.0732,290.7621,703.24805
331.84274,685.08417,304.03027,702.1659
331.1438,690.087,299.63852,702.5241
332.54285,680.0732,295.21594,702.8848
331.8428,685.08417,290.7621,703.24805
331.1438,690.08704,286.27667,703.6139
330.446,695.08167,281.7594,703.9823
337.49866,698.7289,277.20984,704.3534
329.05383,705.0467,272.62772,704.7271
328.35938,710.017,268.0126,705.1035
327.66614,714.9794,263.36423,705.48267
326.97394,719.9336,281.7594,703.9823
331.67038,692.9614,277.20984,704.3534
326.8984,692.23987,272.6277,704.7271
322.0429,691.6001,268.01263,705.1035
317.10983,691.05255,263.3643,705.48267
308.3914,701.8102,262.68805,710.7256
304.03027,702.1659,262.01294,715.9595
299.63852,702.5241,261.33896,721.1846
295.21594,702.8848,260.66617,726.40063
290.7621,703.24805,259.9945,731.6078
304.03027,702.1659,259.32407,736.8061
299.63852,702.5241,258.6547,741.99554
295.21594,702.8848,257.98645,747.1761
290.7621,703.24805,257.3194,752.3479
286.27667,703.6139,256.65344,757.51086
281.7594,703.9823,255.98863,762.66504
277.20984,704.3534,255.98863,762.66504
272.62772,704.7271,255.32495,767.81055
268.0126,705.1035,254.66238,772.9472
263.36423,705.48267,254.00096,778.0752
281.7594,703.9823,253.34065,783.1946
277.20984,704.3534,252.68144,788.3053
272.6277,704.7271,252.02336,793.4073
268.01263,705.1035,252.68147,788.30524
252.02325,706.669,252.02336,793.40735
262.68805,710.7256,251.36641,798.50073
252.49425,718.03845,250.71053,803.5856
252.87866,723.6914,250.05577,808.66174
253.34833,729.31573,249.40211,813.7295
259.9945,731.6078,248.74957,818.78864
254.4961,740.45654,249.40215,813.7295
255.14851,745.9629,248.74957,818.78864
255.83531,751.4203,248.09811,823.8393
256.5426,756.8246,247.44778,828.8815
257.25626,762.1721,246.79851,833.91516
257.96222,767.4601,246.15028,838.9405
255.98863,762.66504,245.50323,843.9573
255.32495,767.81055,244.85725,848.96564
254.66238,772.9472,246.15034,838.9404
261.10602,782.8102,245.50323,843.9573
261.57062,787.7886,244.8572,848.96564
261.9506,792.70264,244.21228,853.9658
252.02336,793.4073,243.56845,858.95746
252.68147,788.30524,242.92569,863.9408
252.02336,793.40735,242.28392,868.9158
251.36641,798.50073,241.64334,873.88257
263.60095,806.2279,241.00377,878.84094
250.05577,808.66174,238.93442,859.87134
249.40211,813.7295,234.26756,860.7917
248.74957,818.78864,229.56747,861.7186
249.40215,813.7295,224.83394,862.6521
248.74957,818.78864,220.06648,863.5923
248.09811,823.8393,215.26479,864.5392
247.44778,828.8815,210.42844,865.493
246.79851,833.91516,205.5571,866.4537
246.15028,838.9405,200.65042,867.4213
245.50323,843.9573,215.26479,864.5392
244.85725,848.96564,210.42844,865.493
246.15034,838.9404,205.55713,866.4537
245.50323,843.9573,200.65042,867.4213
244.8572,848.96564,195.70795,868.39606
244.21228,853.9658,190.72931,869.3779
249.98102,854.7934,185.71411,870.36694
242.92569,863.9408,180.66196,871.3633
242.28392,868.9158,175.57242,872.36694
241.64334,873.88257,170.44507,873.3782
241.00377,878.84094,190.72931,869.3779
242.90353,849.9713,185.71411,870.36694
237.60309,849.9724,180.66196,871.3633
232.24017,850.08215,175.57242,872.36694
226.82144,850.3095,170.44507,873.3782
221.35384,850.6621,165.27954,874.39685
215.84428,851.14636,160.07536,875.42316
210.2997,851.76746,154.83209,876.4572
204.72697,852.5293,149.5493,877.499
199.1328,853.4346,144.2266,878.5487
213.05357,850.8385,138.86343,879.60645
207.56918,852.0062,133.4594,880.6721
202.08342,853.3148,128.01398,881.74603
196.60184,854.76166,122.52677,882.8281
191.12947,856.34296,116.99723,883.9186
185.67088,858.05347,111.42489,885.0176
185.71411,870.36694,116.40843,889.3591
180.66196,871.3633,115.820786,894.7894
175.57242,872.36694,115.23416,900.20996
170.44507,873.3782,114.64861,905.6206
190.72931,869.3779,114.064156,911.02136
185.71411,870.36694,113.48075,916.41223
180.66196,871.3633,112.898415,921.79333
175.57242,872.36694,113.48075,916.41223
170.44507,873.3782,112.898415,921.79333
165.27954,874.39685,112.3171,927.16455
160.07536,875.42316,111.73691,932.5261
154.83209,876.4572,111.15769,937.8779
149.5493,877.499,110.57962,943.22
144.2266,878.5487,110.00254,948.5523
138.86343,879.60645,110.57962,943.22
133.4594,880.6721,110.00254,948.5523
128.01398,881.74603,109.42651,953.87506
122.52677,882.8281,108.851524,959.1881
120.61341,890.52295,108.27759,964.4916
111.42489,885.0176,107.704666,969.7855
122.91882,895.5725,107.13279,975.0698
115.820786,894.7894,106.561935,980.34467
115.23416,900.20996,110.79122,967.2304
114.64861,905.6206,113.32483,969.9911
114.064156,911.02136,115.87867,972.7738
113.48075,916.41223,118.45308,975.5788
112.898415,921.79333,121.0482,978.4064
113.48075,916.41223,123.66424,981.2569
112.898415,921.79333,126.301605,984.1305
112.3171,927.16455,128.96048,987.0276
111.73691,932.5261,131.64105,989.9484
111.15769,937.8779,123.66424,981.2569
110.57962,943.22,126.301605,984.1305
110.00254,948.5523,128.96048,987.0276
110.57962,943.22,131.64105,989.9484
110.00254,948.5523,134.34369,992.8932
109.42651,953.87506,137.06866,995.8623
108.851524,959.1881,139.81618,998.85596
108.27759,964.4916,142.58655,1001.87463
107.704666,969.7855,145.38013,1004.91846
107.13279,975.0698,137.06866,995.8623
106.561935,980.34467,139.81618,998.85596
101.44643,980.08075,142.58655,1001.87463
102.956726,982.348,145.38013,1004.91846
104.58638,984.51294,148.19711,1007.9879
106.34599,986.5803,151.03784,1011.0831
108.244865,988.5565,153.90263,1014.2046
123.66424,981.2569,156.7918,1017.35266
112.49244,992.2662,159.7056,1020.52747
128.96048,987.0276,162.64438,1023.7296
117.379906,995.71545,151.03784,1011.0831
109.52302,985.54694,153.90263,1014.2046
112.2924,987.0927,156.7918,1017.35266
115.22751,988.6216,159.7056,1020.52747
118.326614,990.1473,162.64438,1023.7296
134.34369,992.8932,163.321,1018.0293
137.06866,995.8623,163.99892,1012.3176
139.81618,998.85596,164.67825,1006.59485
142.58655,1001.87463,165.35883,1000.8607
145.38013,1004.91846,166.0408,995.1153
137.06866,995.8623,166.72412,989.3585
139.81618,998.85596,167.40878,983.5904
142.58655,1001.87463,168.09485,977.8108
145.38013,1004.91846,168.78218,972.01984
148.19711,1007.9879,169.47095,966.21735
151.03784,1011.0831,170.16106,960.4033
153.90263,1014.2046,170.16109,960.4033
156.7918,1017.35266,170.85255,954.57776
159.7056,1020.52747,171.54536,948.7406
162.64438,1023.7296,172.23964,942.89185
151.03784,1011.0831,172.93524,937.03143
153.90263,1014.2046,173.63223,931.1593
156.7918,1017.35266,174.33066,925.2754
159.7056,1020.52747,178.71043,935.62476
162.64438,1023.7296,184.43759,934.22986
163.321,1018.0293,190.11742,932.84644
163.99892,1012.3176,195.75035,931.4744
164.67825,1006.59485,201.33704,930.11365
165.35883,1000.8607,206.87808,928.76404
166.0408,995.1153,212.37398,927.4254
166.72412,989.3585,223.23259,924.78064
167.40878,983.5904,217.8253,926.09766
168.09485,977.8108,212.37396,927.4254
168.78218,972.01984,206.87808,928.76404
169.47095,966.21735,201.33704,930.11365
170.16106,960.4033,195.75035,931.4744
170.16109,960.4033,190.11742,932.84644
170.85255,954.57776,184.43759,934.22986
171.54536,948.7406,195.75035,931.4744
172.23964,942.89185,190.11742,932.84644
176.64822,952.90564,184.43759,934.22986
173.63223,931.1593,178.7104,935.62476
190.4683,926.86975,172.93524,937.03143
178.71043,935.62476,167.11147,938.4499
190.61562,947.1089,161.23842,939.8804
196.79008,944.60223,155.3155,941.323
202.85359,941.99536,149.34215,942.7779
201.33704,930.11365,172.23965,942.89185
206.87808,928.76404,171.54536,948.7406
212.37398,927.4254,170.85255,954.57776
223.23259,924.78064,170.16106,960.4033
217.8253,926.09766,169.47095,966.21735
212.37396,927.4254,168.78218,972.01984
206.87808,928.76404,168.09485,977.8108
201.33704,930.11365,167.40878,983.5904
195.75035,931.4744,166.72412,989.3585
190.11742,932.84644,168.78221,972.01984
184.43759,934.22986,168.09485,977.8108
195.75035,931.4744,167.40878,983.5904
190.11742,932.84644,166.72412,989.3585
184.43759,934.22986,166.0408,995.1153
178.7104,935.62476,165.35883,1000.8607
168.78294,929.31213,164.67825,1006.59485
167.11147,938.4499,163.99892,1012.3176
161.23842,939.8804,163.321,1018.0293
155.3155,941.323,162.64438,1023.7296
149.34215,942.7779,165.35886,1000.8607
172.23965,942.89185,164.67825,1006.59485
159.2512,943.30225,163.99892,1012.3176
157.55817,949.7406,163.321,1018.0293
155.99588,956.2326,162.64438,1023.7296
169.47095,966.21735,168.3772,1021.98706
168.78218,972.01984,174.06303,1020.2588
168.09485,977.8108,179.7025,1018.54456
167.40878,983.5904,185.29617,1016.84436
166.72412,989.3585,190.84459,1015.15784
168.78221,972.01984,196.34824,1013.4849
168.09485,977.8108,201.80774,1011.8255
167.40878,983.5904,207.2236,1010.1792
166.72412,989.3585,212.59634,1008.54614
166.0408,995.1153,217.92645,1006.92596
165.35883,1000.8607,223.21445,1005.3186
164.67825,1006.59485,223.21448,1005.3186
163.99892,1012.3176,228.46086,1003.72394
163.321,1018.0293,233.6661,1002.1417
162.64438,1023.7296,238.83075,1000.5719
165.35886,1000.8607,243.95523,999.0143
164.67825,1006.59485,249.04,997.4687
163.99892,1012.3176,254.08553,995.93506
163.321,1018.0293,249.04,997.4687
157.31041,1031.3954,254.08553,995.93506
168.3772,1021.98706,259.0923,994.4132
169.84413,1030.5662,264.0607,992.90295
176.11664,1030.009,268.99118,991.4043
182.38582,1029.3417,273.88422,989.917
188.64569,1028.5543,278.7402,988.4409
194.88988,1027.6387,273.88422,989.917
201.11157,1026.5876,278.7402,988.4409
207.30367,1025.3961,283.55954,986.9761
213.45866,1024.0598,288.34268,985.52216
219.56909,1022.5764,293.09003,984.07916
225.62726,1020.9458,297.80197,982.6469
223.21448,1005.3186,302.47888,981.2253
232.33984,1018.89716,307.1212,979.8142
233.6661,1002.1417,297.80197,982.6469
244.04819,1014.61475,302.47888,981.2253
249.77261,1012.27924,307.1212,979.8142
255.40222,1009.82556,311.72922,978.4136
260.9313,1007.26385,316.30344,977.02313
249.04,997.4687,320.84412,975.64294
261.65546,1004.9939,325.35175,974.2728
266.9314,1002.1472,329.82654,972.91266
272.0905,999.2433,334.26895,971.5623
268.99118,991.4043,320.84415,975.64294
282.05124,993.3237,325.35175,974.2728
286.8515,990.3393,329.82654,972.91266
273.88422,989.917,334.26895,971.5623
286.45987,987.33777,338.67932,970.2218
290.98166,984.37885,343.05795,968.8908
295.39078,981.4712,347.40524,967.56946
299.69138,978.629,351.7215,966.25745
303.8883,975.8663,356.00705,964.9548
302.47888,981.2253,343.05795,968.8908
311.99445,970.6295,347.40524,967.56946
297.80197,982.6469,351.7215,966.25745
305.91858,969.94617,356.00702,964.95483
309.8001,967.70886,360.26218,963.6614
313.61902,965.61304,364.4873,962.3771
317.38364,963.6643,368.68268,961.1019
321.10275,961.8664,372.84863,959.83563
324.78494,960.2222,376.98547,958.5781
329.82654,972.91266,381.09348,957.32947
334.26895,971.5623,364.4873,962.3771
320.84415,975.64294,368.68268,961.1019
321.63434,960.3418,372.84863,959.83563
325.39124,959.4179,376.98544,958.5781
329.15894,958.6356,381.09348,957.32947
338.67932,970.2218,385.173,956.0895
336.75458,957.4669,389.22427,954.85803
340.59525,957.06287,393.24765,953.63513
344.4718,956.7658,397.24338,952.42053
348.38916,956.5649,401.21176,951.2143
335.19006,961.5275,405.15308,950.0163
339.32214,961.4632,409.0676,948.8264
343.50314,961.45953,412.9556,947.64465
347.735,961.5031,416.81732,946.4708
352.01865,961.5805,420.65308,945.30493
356.35446,961.67786,424.46307,944.1468
368.68268,961.1019,424.4631,944.1468
365.1795,961.8778,428.24762,942.99646
369.66534,961.95325,432.00693,941.85376
381.09348,957.32947,435.7413,940.7186
364.4873,962.3771,439.45096,939.59106
362.8688,968.25415,443.1361,938.47095
367.6493,968.10144,446.79706,937.35815
376.98544,958.5781,443.1361,938.47095
377.27954,967.5432,446.79706,937.35815
385.173,956.0895,450.434,936.2526
386.95892,966.5875,454.04718,935.1544
391.79892,965.94214,457.63684,934.06323
396.6288,965.1775,461.20322,932.9792
401.44055,964.2896,464.74652,931.9022
406.2258,963.27594,461.20328,932.9792
410.97644,962.135,464.74652,931.9022
415.68405,960.86694,468.26697,930.8321
420.34048,959.4731,471.76477,929.7689
424.93784,957.95636,475.24017,928.7125
429.4684,956.3208,478.69342,927.66284
424.4631,944.1468,482.12466,926.6199
434.5377,953.90326,485.53412,925.58356
432.00693,941.85376,478.69342,927.66284
443.07156,949.8849,482.12466,926.6199
447.19415,947.7504,485.53412,925.58356
451.21472,945.5466,488.92203,924.5538
455.12982,943.2849,492.2885,923.5305
443.1361,938.47095,495.63388,922.5136
455.37756,940.8843,498.95825,921.5031
459.01266,938.50146,502.26193,920.4989
462.53735,936.1119,505.54495,919.501
457.63684,934.06323,495.63388,922.5136
469.26053,931.3664,498.95825,921.5031
472.464,929.03674,502.26193,920.4989
461.20328,932.9792,505.54495,919.501
471.5514,926.64,508.80765,918.5093
474.51297,924.4609,512.0501,917.5237
477.38937,922.36224,515.27264,916.5442
480.18726,920.3539,518.4753,915.5707
482.91382,918.44495,521.6583,914.6032
482.12466,926.6199,512.0501,917.5237
488.18402,914.95496,515.27264,916.5442
478.69342,927.66284,518.4753,915.5707
483.10168,914.92334,521.6583,914.6032
485.65814,913.58093,524.8219,913.6416
488.19293,912.3688,527.9662,912.68585
490.7148,911.2875,531.0913,911.7359
493.2324,910.3363,534.1976,910.79175
495.75397,909.5136,537.2851,909.8533
502.26193,920.4989,540.35394,908.9204
505.54495,919.501,527.9662,912.68585
495.63388,922.5136,531.0913,911.7359
492.94846,911.2593,534.1976,910.79175
495.68515,910.994,537.2851,909.8533
498.4672,910.8247,540.35394,908.9204
508.80765,918.5093,543.4045,907.99316
504.18646,910.7375,546.4367,907.07153
507.13174,910.79956,549.4508,906.15533
510.13812,910.9181,552.44696,905.24457
513.20776,911.08167,555.4254,904.33923
503.57025,915.10065,558.3862,903.43933
506.8468,915.3115,561.3296,902.5447
510.18726,915.5332,564.2556,901.6553
513.5904,915.754,567.1645,900.7711
517.0544,915.9623,570.0564,899.892
520.57654,916.1465,572.93146,899.0182
531.0913,911.7359,572.93146,899.0182
527.7804,916.39844,575.78973,898.1493
531.4532,916.44543,578.63153,897.2855
540.35394,908.9204,581.4569,896.42676
527.9662,912.68585,584.2659,895.5729
527.3393,920.944,587.0589,894.72394
531.2259,920.66425,589.8358,893.8799
537.2851,909.8533,587.05884,894.72394
539.0269,919.80896,589.8358,893.8799
543.4045,907.99316,592.59686,893.04065
546.81165,918.5295,595.3422,892.2061
550.677,917.72394,598.07196,891.37634
554.5131,916.8063,600.78625,890.55133
558.3117,915.77734,603.4852,889.73096
562.0646,914.6387,600.78625,890.55133
565.7637,913.39294,603.4852,889.73096
569.40155,912.04456,606.169,888.91516
572.971,910.59814,608.8377,888.104
576.4654,909.0602,611.4914,887.29736
579.87866,907.43774,614.1304,886.49524
572.93146,899.0182,616.75464,885.6976
583.60187,904.86194,619.3643,884.9043
578.63153,897.2855,614.1304,886.49524
589.81744,901.1499,616.75464,885.6976
592.7755,899.23267,619.36426,884.9043
595.63153,897.28955,621.95953,884.1155
598.3851,895.3317,624.5404,883.33093
587.05884,894.72394,627.1071,882.55084
598.08813,893.1001,629.65967,881.7749
600.57196,891.15125,632.1983,881.0033
602.96027,889.2335,634.72296,880.23584
598.07196,891.37634,627.1071,882.55084
607.4665,885.5348,629.65967,881.7749
609.5945,883.77405,632.1983,881.0033
600.78625,890.55133,634.72296,880.23584
608.28296,882.0657,637.23395,879.4726
610.2347,880.5294,639.7313,878.71356
612.13226,879.0875,642.2151,877.9585
613.9837,877.74585,644.6855,877.20764
615.7972,876.5087,647.1426,876.4608
616.75464,885.6976,637.9876,875.6207
619.3643,884.9043,638.7422,871.7638
614.1304,886.49524,639.49774,867.90186
616.75464,885.6976,640.2542,864.03503
619.36426,884.9043,641.0118,860.1631
621.95953,884.1155,641.7703,856.286
624.5404,883.33093,642.52985,852.40405
627.1071,882.55084,643.2903,848.51697
629.65967,881.7749,644.05176,844.6248
632.1983,881.0033,644.8143,840.7276
634.72296,880.23584,641.7703,856.286
627.1071,882.55084,642.52985,852.40405
629.65967,881.7749,643.2903,848.51697
632.1983,881.0033,644.05176,844.6248
634.72296,880.23584,644.81433,840.7276
637.23395,879.4726,645.57776,836.8253
639.7313,878.71356,646.3422,832.91797
642.2151,877.9585,647.10767,829.00543
644.6855,877.20764,647.8742,825.0878
647.1426,876.4608,648.6416,821.16516
637.9876,875.6207,646.1374,821.7751
638.7422,871.7638,643.61926,822.3884
639.49774,867.90186,641.08734,823.0051
640.2542,864.03503,638.54114,823.62524
641.0118,860.1631,635.9809,824.2489
641.7703,856.286,633.40625,824.876
642.52985,852.40405,633.40625,824.876
643.2903,848.51697,630.8172,825.5066
644.05176,844.6248,628.21356,826.14075
644.8143,840.7276,625.5952,826.77844
641.7703,856.286,622.96204,827.4198
642.52985,852.40405,620.314,828.0648
643.2903,848.51697,617.6509,828.7135
644.05176,844.6248,623.735,823.385
644.81433,840.7276,624.50903,819.3447
645.57776,836.8253,625.284,815.2991
646.3422,832.91797,626.0601,811.2479
647.10767,829.00543,626.83716,807.1913
647.8742,825.0878,627.6154,803.1293
648.6416,821.16516,628.3946,799.06165
646.1374,821.7751,627.61536,803.1293
643.61926,822.3884,628.3946,799.0617
641.08734,823.0051,629.17487,794.98865
638.54114,823.62524,629.9562,790.91003
635.9809,824.2489,630.7385,786.8259
633.40625,824.876,631.52203,782.7363
633.40625,824.876,632.3065,778.6411
630.8172,825.5066,633.09216,774.5404
628.21356,826.14075,631.52203,782.7363
625.5952,826.77844,632.3065,778.6411
625.5784,824.33826,633.0921,774.5404
620.314,828.0648,633.8787,770.4341
617.6509,828.7135,634.66644,766.32227
623.735,823.385,635.4552,762.2048
624.50903,819.3447,636.24506,758.08167
625.284,815.2991,637.036,753.95306
626.0601,811.2479,637.828,749.8187
626.83716,807.1913,638.1183,767.7881
627.6154,803.1293,641.5908,769.2627
628.3946,799.06165,645.08405,770.746
627.61536,803.1293,648.5982,772.2383
628.3946,799.0617,652.1336,773.7396
629.17487,794.98865,655.69037,775.25
629.9562,790.91003,659.26855,776.7694
630.7385,786.8259,662.8686,778.2982
631.52203,782.7363,666.49054,779.83624
632.3065,778.6411,655.69037,775.25
633.09216,774.5404,659.2686,776.7694
631.52203,782.7363,662.8686,778.29816
632.3065,778.6411,666.49054,779.83624
633.0921,774.5404,670.1346,781.38367
633.8787,770.4341,673.801,782.9407
633.0526,757.98364,677.4899,784.5071
635.4552,762.2048,681.2017,786.0834
636.24506,758.08167,684.9364,787.6692
637.036,753.95306,688.6943,789.26495
637.828,749.8187,673.801,782.9407
638.1183,767.7881,677.49005,784.50714
641.5908,769.2627,681.2017,786.08325
648.19525,760.31323,684.9364,787.6692
652.3129,761.8916,688.6943,789.26495
656.41205,763.5808,692.4756,790.8706
660.48706,765.3793,696.28046,792.48645
664.5328,767.28455,700.10913,794.1123
662.8686,778.2982,703.962,795.74835
666.49054,779.83624,707.839,797.3948
655.69037,775.25,706.94885,801.7433
659.2686,776.7694,706.06006,806.0856
662.8686,778.29816,705.1725,810.4215
666.49054,779.83624,704.2862,814.7512
670.1346,781.38367,703.4012,819.0747
673.801,782.9407,702.51746,823.3921
677.4899,784.5071,702.51746,823.392
681.2017,786.0834,701.635,827.7031
684.9364,787.6692,700.7538,832.00806
688.6943,789.26495,699.87384,836.3068
673.801,782.9407,698.9952,840.59937
677.49005,784.50714,698.11774,844.88586
681.2017,786.08325,697.2416,849.16614
684.9364,787.6692,698.11774,844.88586
688.6943,789.26495,697.24164,849.16614
692.4756,790.8706,696.3667,853.44025
696.28046,792.48645,695.49304,857.7084
700.10913,794.1123,694.6206,861.9703
703.962,795.74835,693.7495,866.22614
717.31085,797.48193,692.8796,870.47595
706.94885,801.7433,692.0228,862.7597
706.06006,806.0856,689.40936,863.55396
705.1725,810.4215,686.78,864.35297
704.2862,814.7512,684.1347,865.15686
703.4012,819.0747,681.47327,865.9657
702.51746,823.3921,678.7955,866.7794
702.51746,823.392,676.1013,867.5982
701.635,827.7031,673.39056,868.422
700.7538,832.00806,678.7955,866.7794
699.87384,836.3068,676.1013,867.59814
698.9952,840.59937,673.39044,868.422
698.11774,844.88586,670.66296,869.25085
697.2416,849.16614,667.9185,870.08484
698.11774,844.88586,665.1571,870.9241
697.24164,849.16614,662.37836,871.76843
696.3667,853.44025,659.5824,872.61816
695.49304,857.7084,656.76874,873.47327
698.1068,852.0327,665.1571,870.9241
693.7495,866.22614,662.3784,871.76843
692.8796,870.47595,659.58234,872.61816
692.6488,851.4751,656.76874,873.47314
689.0582,852.0167,653.9375,874.3336
685.45514,852.6763,651.08826,875.19946
681.8491,853.4554,648.22107,876.0708
678.2499,854.3551,645.33563,876.94763
678.7955,866.7794,642.4318,877.8301
676.1013,867.5982,654.8206,869.87964
673.39056,868.422,655.7051,865.41895
678.7955,866.7794,656.5909,860.9516
676.1013,867.59814,657.478,856.47754
673.39044,868.422,658.3665,851.99677
670.66296,869.25085,659.2563,847.50934
667.9185,870.08484,660.1474,843.015
665.1571,870.9241,661.0399,838.51404
662.37836,871.76843,661.9338,834.0062
659.5824,872.61816,662.82886,829.49164
656.76874,873.47327,659.2563,847.5093
665.1571,870.9241,660.1474,843.0151
662.3784,871.76843,661.0399,838.51404
659.58234,872.61816,661.9338,834.0062
656.76874,873.47314,662.82886,829.49164
654.60376,879.17566,663.7255,824.9702
651.08826,875.19946,664.62335,820.442
648.22107,876.0708,665.5225,815.907
645.33563,876.94763,666.42316,811.36505
642.4318,877.8301,667.3251,806.8162
654.8206,869.87964,664.48615,807.47644
655.7051,865.41895,661.62915,808.14087
656.5909,860.9516,658.7537,808.8095
657.478,856.47754,655.85974,809.4824
658.3665,851.99677,652.94714,810.1598
659.2563,847.50934,650.01556,810.84155
660.1474,843.015,650.01556,810.84155
661.0399,838.51404,647.0649,811.52783
661.9338,834.0062,644.09503,812.2184
662.82886,829.49164,641.10565,812.9136
659.2563,847.5093,638.0967,813.6133
660.1474,843.0151,635.06775,814.31775
661.0399,838.51404,632.01886,815.02673
661.9338,834.0062,635.06775,814.3176
662.82886,829.49164,632.01886,815.02673
663.7255,824.9702,628.94977,815.74036
664.62335,820.442,625.8602,816.45886
665.5225,815.907,622.74994,817.1821
666.42316,811.36505,619.61884,817.91034
677.129,811.8389,616.4667,818.6433
674.52924,811.3716,619.61884,817.9103
671.8102,810.8617,616.4667,818.6434
668.97034,810.3208,613.29333,819.38135
666.0087,809.7612,610.0983,820.12427
662.92596,809.1953,606.8817,820.8723
659.7233,808.6358,603.6431,821.6255
659.3469,807.4147,600.38245,822.3837
655.93286,806.9051,597.0993,823.1473
652.4099,806.43933,603.6431,821.6254
641.10565,812.9136,600.38245,822.3838
645.0597,805.6865,597.0993,823.1472
635.06775,814.31775,593.7935,823.91595
637.3499,805.24506,590.46497,824.69
635.06775,814.3176,587.1132,825.4695
632.01886,815.02673,583.7382,826.25433
628.94977,815.74036,580.3396,827.0447
625.8602,816.45886,576.9172,827.8406
623.23285,804.60046,587.1132,825.4694
619.08014,805.1072,583.7382,826.2544
614.9123,805.74445,580.3396,827.0447
617.0679,805.1323,576.9172,827.8406
616.4667,818.6434,573.47064,828.64197
613.29333,819.38135,569.99976,829.4492
604.7462,808.19916,566.5044,830.262
606.8817,820.8723,562.9841,831.08075
603.6431,821.6255,559.43866,831.90515
600.38245,822.3837,574.39087,823.6234
597.0993,823.1473,575.31256,818.59644
603.6431,821.6254,576.2358,813.56104
600.38245,822.3838,577.1607,808.51715
597.0993,823.1472,578.08704,803.4648
593.7935,823.91595,579.0149,798.404
590.46497,824.69,579.94446,793.3346
587.1132,825.4695,580.8754,788.2567
583.7382,826.25433,581.8081,783.1703
580.3396,827.0447,582.74225,778.07526
576.9172,827.8406,579.0149,798.40393
587.1132,825.4694,579.9444,793.33466
583.7382,826.2544,580.8754,788.2567
580.3396,827.0447,581.8081,783.1703
576.9172,827.8406,582.74225,778.07526
577.38226,834.0675,583.6781,772.9717
569.99976,829.4492,584.61536,767.8594
566.5044,830.262,585.55426,762.73846
562.9841,831.08075,586.4948,757.6089
559.43866,831.90515,587.43695,752.4707
574.39087,823.6234,590.87744,751.92944
575.31256,818.59644,594.2937,751.392
576.2358,813.56104,597.68585,750.8584
577.1607,808.51715,601.0542,750.32855
578.08704,803.4648,604.39886,749.80237
579.0149,798.404,607.72034,749.2799
579.94446,793.3346,607.72034,749.2799
580.8754,788.2567,611.0186,748.76105
581.8081,783.1703,614.2941,748.2457
582.74225,778.07526,617.54694,747.7341
579.0149,798.40393,620.7774,747.2259
579.9444,793.33466,623.9857,746.7212
580.8754,788.2567,627.1721,746.2199
581.8081,783.1703,623.9857,746.7212
582.74225,778.07526,627.1721,746.2199
583.6781,772.9717,630.3368,745.72205
584.61536,767.8594,633.4801,745.2276
585.55426,762.73846,636.60205,744.7365
586.4948,757.6089,639.70294,744.24866
598.0882,753.3787,642.783,743.76416
590.87744,751.92944,637.53735,739.84454
594.2937,751.392,638.47424,734.9448
597.68585,750.8584,639.4126,730.0371
601.0542,750.32855,640.35254,725.1216
604.39886,749.80237,641.2939,720.198
607.72034,749.2799,642.2368,715.2666
607.72034,749.2799,643.18134,710.32715
611.0186,748.76105,644.1273,705.37964
614.2941,748.2457,642.2368,715.2666
617.54694,747.7341,643.18134,710.32715
620.7774,747.2259,644.1273,705.37964
623.9857,746.7212,645.0748,700.4242
627.1721,746.2199,646.02386,695.46075
623.9857,746.7212,646.9745,690.48926
627.1721,746.2199,647.9266,685.5096
630.3368,745.72205,648.88025,680.52185
633.4801,745.2276,649.8355,675.52606
623.9772,741.689,646.9745,690.48926
639.70294,744.24866,647.9266,685.5096
642.783,743.76416,648.88025,680.5219
624.831,737.82007,649.8355,675.52606
625.99133,733.29614,650.79224,670.52216
627.2814,728.7705,651.7506,665.51
628.6984,724.2394,652.7105,660.4898
641.2939,720.198,653.672,655.4613
642.2368,715.2666,654.6351,650.4246
633.66235,710.5769,651.7506,665.51
644.1273,705.37964,652.7105,660.4898
634.65106,716.3481,653.67206,655.4613
636.68756,711.748,654.6351,650.4246
638.79626,707.11884,655.5997,645.37976
640.96515,702.4582,656.56586,640.3266
643.18164,697.76416,657.5336,635.2652
646.9745,690.48926,658.503,630.19543
647.9266,685.5096,659.47406,625.11743
648.88025,680.52185,660.4464,620.03107
649.8355,675.52606,656.56586,640.3266
650.62897,693.94275,657.5336,635.2652
652.8358,689.0502,658.503,630.19543
654.9953,684.11646,659.474,625.11743
657.095,679.1421,660.4465,620.03107
659.1223,674.12805,661.4206,614.93634
661.0666,669.07544,662.3964,609.83325
662.9172,663.986,663.3738,604.7218
653.672,655.4613,664.3527,599.60187
654.6351,650.4246,665.33325,594.4736
663.9058,668.7646,666.3154,589.33685
665.29724,663.5578,667.29926,584.1916
666.5616,658.32324,668.28467,579.0378
667.6956,653.06366,669.2718,573.8755
668.6981,647.78156,670.26044,568.7047
669.5686,642.47974,671.2508,563.5253
670.3084,637.1609,671.2508,563.5253
658.503,630.19543,672.24274,558.3373
659.47406,625.11743,673.2363,553.14075
660.4464,620.03107,674.2316,547.93555
667.1592,641.01636,675.2285,542.7217
667.3095,635.66425,676.2272,537.49915
667.36273,630.3107,677.22736,532.268
667.32837,624.95795,676.2272,537.49915
667.2159,619.6076,677.22736,532.268
667.0366,614.26154,678.22925,527.028
666.8016,608.921,679.23285,521.7794
666.5228,603.58734,680.2381,516.522
666.2131,598.2617,681.24506,511.2558
665.88446,592.9447,682.25366,505.98083
666.3154,589.33685,677.1522,516.228
667.29926,584.1916,674.0445,515.93207
668.28467,579.0378,670.91473,515.6339
669.2718,573.8755,667.76263,515.33374
670.26044,568.7047,664.5881,515.0313
671.2508,563.5253,661.3908,514.72687
671.2508,563.5253,658.1705,514.4201
672.24274,558.3373,654.9269,514.11115
673.2363,553.14075,661.3908,514.72687
674.2316,547.93555,658.1705,514.4201
675.2285,542.7217,654.9269,514.11115
676.2272,537.49915,651.6598,513.7999
677.22736,532.268,648.369,513.4865
676.2272,537.49915,645.05414,513.17084
677.22736,532.268,641.71497,512.8527
678.22925,527.028,638.35126,512.53235
679.23285,521.7794,634.96277,512.20966
674.03595,505.91626,645.05414,513.17084
681.24506,511.2558,641.71497,512.8527
682.25366,505.98083,638.35126,512.53235
668.47797,508.44427,634.96277,512.20966
664.7034,509.24518,631.5492,511.88452
660.9992,510.11743,628.11017,511.5569
667.76263,515.33374,624.6455,511.22687
653.8223,512.03076,621.1549,510.89447
661.3908,514.72687,617.6381,510.5595
658.1705,514.4201,632.56915,506.3214
654.9269,514.11115,633.591,500.74854
661.3908,514.72687,634.6146,495.16577
658.1705,514.4201,635.64,489.57318
654.9269,514.11115,636.66724,483.97064
651.6598,513.7999,637.69635,478.35815
648.369,513.4865,638.7272,472.73584
645.05414,513.17084,639.7599,467.10358
641.71497,512.8527,640.7945,461.46118
638.35126,512.53235,641.8308,455.80878
634.96277,512.20966,637.69635,478.35815
645.05414,513.17084,638.7272,472.73584
641.71497,512.8527,639.7599,467.10358
638.35126,512.53235,640.7945,461.46118
634.96277,512.20966,641.8308,455.80878
643.35016,514.2482,642.8691,450.14642
628.11017,511.5569,643.9091,444.47394
624.6455,511.22687,644.95105,438.79138
621.1549,510.89447,645.9948,433.09863
617.6381,510.5595,647.04047,427.39575
632.56915,506.3214,642.48865,426.79846
633.591,500.74854,637.972,426.20587
634.6146,495.16577,633.49005,425.6178
635.64,489.57318,629.0426,425.03424
636.66724,483.97064,624.62915,424.45508
637.69635,478.35815,620.2492,423.88037
638.7272,472.73584,620.2492,423.88037
639.7599,467.10358,615.9025,423.31006
640.7945,461.46118,611.58875,422.74402
641.8308,455.80878,607.3074,422.18225
637.69635,478.35815,603.0581,421.62463
638.7272,472.73584,598.8406,421.0713
639.7599,467.10358,594.6545,420.52203
640.7945,461.46118,598.8406,421.0713
641.8308,455.80878,594.6545,420.52203
642.8691,450.14642,590.49945,419.97687
643.9091,444.47394,586.3751,419.43567
644.95105,438.79138,582.28107,418.89844
645.9948,433.09863,578.2171,418.36523
638.6815,435.0537,574.18286,417.83582
633.84064,433.17078,578.21716,418.36523
629.1175,431.2359,574.18286,417.83588
624.5139,429.26343,570.178,417.31036
620.03107,427.26733,566.20215,416.7887
615.6692,425.26245,562.255,416.27075
611.4275,423.26324,558.33636,415.75653
611.65857,421.85223,554.44574,415.2461
607.6204,419.89874,550.58307,414.73926
611.58875,422.74402,561.35504,421.57092
607.3074,422.18225,560.45654,426.86243
603.0581,421.62463,559.5595,432.14508
598.8406,421.0713,558.66394,437.41907
594.6545,420.52203,557.7699,442.6844
598.8406,421.0713,556.87726,447.94092
594.6545,420.52203,555.98615,453.1889
590.49945,419.97687,555.0965,458.42822
586.3751,419.43567,554.20825,463.65894
582.28107,418.89844,556.87726,447.94092
578.2171,418.36523,555.98615,453.1889
574.18286,417.83582,555.0965,458.42822
578.21716,418.36523,554.2083,463.65894
574.18286,417.83588,553.3216,468.8811
570.178,417.31036,552.4362,474.0946
566.20215,416.7887,551.5524,479.29962
556.325,415.0396,550.67004,484.49615
558.33636,415.75653,549.7891,489.68408
554.44574,415.2461,552.4363,474.0946
550.58307,414.73926,551.5524,479.29968
561.35504,421.57092,550.67004,484.49615
560.9059,426.71814,549.7891,489.68408
561.31506,432.27448,548.9096,494.86365
561.70575,437.81946,548.0315,500.03467
562.0647,443.34906,547.15485,505.19727
562.37964,448.85925,546.2797,510.35144
562.638,454.34613,545.40594,515.4972
555.0965,458.42822,544.53357,520.6346
554.20825,463.65894,545.4318,494.5008
556.87726,447.94092,541.92993,494.13544
555.98615,453.1889,538.4037,493.76758
555.0965,458.42822,534.85284,493.39716
554.2083,463.65894,531.2772,493.02405
553.3216,468.8811,527.67645,492.64844
552.4362,474.0946,524.0503,492.27014
551.5524,479.29962,520.3985,491.88916
550.67004,484.49615,516.72076,491.50543
549.7891,489.68408,513.01685,491.11908
552.4363,474.0946,509.2864,490.72986
551.5524,479.29968,505.5293,490.33783
550.67004,484.49615,501.74506,489.9431
549.7891,489.68408,497.9335,489.5454
557.57117,500.43054,494.09427,489.14496
548.0315,500.03467,490.2271,488.74146
547.15485,505.19727,490.22717,488.74146
546.2797,510.35144,486.33176,488.33508
545.40594,515.4972,482.40778,487.92572
544.53357,520.6346,478.45493,487.5133
545.4318,494.5008,474.4729,487.0979
551.68414,490.6532,470.46133,486.67932
538.4037,493.76758,466.41995,486.25775
534.85284,493.39716,470.4614,486.67932
540.03534,485.82623,466.4199,486.25775
527.67645,492.64844,462.34836,485.83295
531.69763,482.90173,458.2462,485.40503
527.37244,481.56305,454.11322,484.97382
522.952,480.32092,449.949,484.53937
513.01685,491.11908,445.7532,484.10162
513.8552,478.16156,449.949,484.53937
509.19592,477.25977,445.75323,484.10162
504.47415,476.4845,441.52548,483.66058
499.69974,475.84027,437.2655,483.21613
494.88184,475.33008,432.9728,482.7683
490.0302,474.9557,428.64703,482.31696
490.22717,488.74146,424.28784,481.86218
484.18814,475.07117,419.89487,481.40387
482.40778,487.92572,432.09943,488.54468
478.45493,487.5133,431.2276,494.3106
474.4729,487.0979,430.3574,500.06598
470.46133,486.67932,429.48874,505.81097
466.41995,486.25775,428.6217,511.54547
470.4614,486.67932,427.75623,517.2696
466.4199,486.25775,426.89227,522.9834
462.34836,485.83295,426.02997,528.68677
458.2462,485.40503,425.1692,534.3799
454.11322,484.97382,427.75623,517.2696
449.949,484.53937,426.89227,522.98334
445.7532,484.10162,426.02997,528.68677
449.949,484.53937,425.1692,534.3799
445.75323,484.10162,424.30994,540.06274
441.52548,483.66058,423.45224,545.7353
437.2655,483.21613,422.5961,551.3976
429.06003,482.95874,421.74152,557.0497
428.64703,482.31696,420.88846,562.6916
424.28784,481.86218,423.45224,545.7353
419.89487,481.40387,422.5961,551.3976
432.09943,488.54468,421.74152,557.0497
434.50116,495.7771,420.88846,562.6916
435.0133,501.79346,420.03693,568.3235
435.4767,507.77527,419.18695,573.94507
428.6217,511.54547,418.33844,579.5567
436.2054,519.6205,417.49152,585.1582
426.89227,522.9834,416.6461,590.7497
426.02997,528.68677,415.80215,596.3312
425.1692,534.3799,415.72064,568.2032
427.75623,517.2696,411.37146,568.0819
426.89227,522.98334,406.98895,567.95984
426.02997,528.68677,402.57285,567.83673
425.1692,534.3799,398.12262,567.7127
424.30994,540.06274,393.63797,567.58777
423.45224,545.7353,389.1184,567.4618
422.5961,551.3976,384.5637,567.33484
421.74152,557.0497,379.9732,567.2069
420.88846,562.6916,375.34668,567.078
423.45224,545.7353,370.6836,566.94806
422.5961,551.3976,365.98355,566.817
421.74152,557.0497,361.2461,566.68506
420.88846,562.6916,356.47083,566.55194
429.4815,570.7798,351.65723,566.4177
419.18695,573.94507,346.8049,566.28253
418.33844,579.5567,352.4948,560.445
417.49152,585.1582,353.33392,554.4609
416.6461,590.7497,354.17468,548.4653
415.80215,596.3312,355.01703,542.4582
415.72064,568.2032,355.861,536.4396
411.37146,568.0819,356.70657,530.4095
406.98895,567.95984,357.55377,524.36774
402.57285,567.83673,356.7066,530.4095
398.12262,567.7127,357.55377,524.36774
393.63797,567.58777,358.40262,518.31445
389.1184,567.4618,359.25308,512.2495
384.5637,567.33484,360.10516,506.17285
379.9732,567.2069,360.95895,500.08447
375.34668,567.078,361.8143,493.98438
370.6836,566.94806,360.95898,500.08447
365.98355,566.817,361.81433,493.98438
361.2461,566.68506,362.6714,487.8725
356.47083,566.55194,363.5301,481.74884
338.16138,563.5524,364.39044,475.61328
346.8049,566.28253,365.25247,469.46582
352.4948,560.445,366.11618,463.30652
353.33392,554.4609,366.98157,457.13525
354.17468,548.4653,365.2525,469.46588
339.79727,540.3713,366.11618,463.30652
340.74768,534.5337,366.98157,457.13525
341.85458,528.6876,367.8486,450.95203
357.55377,524.36774,368.71738,444.75677
356.7066,530.4095,369.5878,438.54932
357.55377,524.36774,370.4599,432.3299
358.40262,518.31445,371.3338,426.0984
347.91437,511.5866,372.2093,419.8546
360.10516,506.17285,369.58783,438.54932
351.91562,499.79517,370.45993,432.3299
361.8143,493.98438,371.33377,426.0984
360.95898,500.08447,372.2093,419.8546
356.89053,494.39117,373.08652,413.59875
359.25058,488.44385,373.96548,407.33057
363.5301,481.74884,374.84616,401.0501
364.39044,475.61328,375.7286,394.75745
366.50647,470.4856,376.61273,388.4524
366.11618,463.30652,373.96555,407.33057
366.98157,457.13525,374.84616,401.0501
365.2525,469.46588,375.72858,394.75745
373.32156,465.05487,376.61273,388.4524
375.53867,458.97882,377.4986,382.1349
377.66962,452.8838,378.3862,375.8051
368.71738,444.75677,379.27557,369.4627
369.5878,438.54932,380.16672,363.10797
370.4599,432.3299,381.05957,356.7406
371.3338,426.0984,381.9542,350.36072
372.2093,419.8546,372.60992,381.2317
369.58783,438.54932,367.68048,380.32092
370.45993,432.3299,362.7099,379.40253
371.33377,426.0984,357.6975,378.47644
372.2093,419.8546,352.6429,377.54254
373.08652,413.59875,347.5455,376.60077
373.96548,407.33057,342.40475,375.65088
374.84616,401.0501,337.2201,374.693
375.7286,394.75745,331.99097,373.72687
376.61273,388.4524,326.7168,372.75238
373.96555,407.33057,321.39703,371.76947
374.84616,401.0501,316.031,370.77808
375.72858,394.75745,310.6182,369.778
376.61273,388.4524,305.15793,368.7691
387.46042,377.76642,299.64957,367.7514
378.3862,375.8051,294.0926,366.72473
379.27557,369.4627,294.0926,366.72473
380.16672,363.10797,288.48618,365.68878
381.05957,356.7406,282.82977,364.64374
381.9542,350.36072,277.1227,363.5893
372.60992,381.2317,271.36423,362.5254
374.456,366.96722,265.5537,361.45178
368.70667,365.16254,259.69046,360.36847
357.6975,378.47644,265.55377,361.45178
356.92026,361.9566,259.69046,360.36847
347.5455,376.60077,253.77367,359.27533
344.8084,359.33746,247.80264,358.17212
338.6534,358.2603,241.77666,357.05872
332.4451,357.3412,235.69493,355.935
326.19315,356.5807,229.55664,354.8009
321.39703,371.76947,242.61783,349.97205
316.031,370.77808,243.46085,342.8698
310.6182,369.778,244.30574,335.7519
305.15793,368.7691,245.15245,328.6184
299.64957,367.7514,246.00105,321.46924
294.0926,366.72473,246.85153,314.30426
294.0926,366.72473,247.70386,307.12354
288.48618,365.68878,248.55809,299.927
282.82977,364.64374,246.85153,314.30426
277.1227,363.5893,247.70386,307.12354
271.36423,362.5254,248.55809,299.927
265.5537,361.45178,249.41417,292.71442
259.69046,360.36847,250.2722,285.4859
265.55377,361.45178,251.13213,278.2414
259.69046,360.36847,251.99391,270.98077
253.77367,359.27533,252.85764,263.70416
247.80264,358.17212,253.7233,256.41132
241.77666,357.05872,251.13213,278.2414
235.69493,355.935,251.99391,270.98077
229.55664,354.8009,252.85764,263.70416
242.61783,349.97205,253.7233,256.41132
241.36652,341.6798,254.59085,249.10217
244.02324,334.73846,255.46034,241.77673
246.68698,327.79663,256.33182,234.435
246.00105,321.46924,257.2052,227.0769
251.95802,313.9126,258.08054,219.70227
247.70386,307.12354,255.46037,241.77673
248.55809,299.927,256.33182,234.435
246.85153,314.30426,257.2052,227.0769
259.1247,307.9983,258.08054,219.7024
261.31503,301.0656,258.95782,212.31122
263.37524,294.12567,259.83713,204.90363
265.29352,287.17706,260.71835,197.47931
251.13213,278.2414,261.6016,190.03845
268.663,273.24573,262.4868,182.58075
252.85764,263.70416,263.374,175.10632
253.7233,256.41132,259.83713,204.90363
251.13213,278.2414,260.71835,197.47931
269.81607,274.2566,261.6016,190.03845
270.5405,267.1983,262.4868,182.58075
271.08862,260.11206,263.374,175.10632
254.59085,249.10217,264.26318,167.61499
271.6721,245.844,265.15442,160.10681
271.7197,238.65625,266.0476,152.58167
257.2052,227.0769,266.94284,145.03955
271.36868,224.15869,267.8401,137.48035
267.49078,245.86761,268.73944,129.90393
266.99536,238.54523,269.64075,122.310425
266.39453,231.17676,270.54413,114.69971
265.70285,223.75977,271.4496,107.07153
264.93497,216.29242,272.35703,99.42615
264.10724,208.77283,273.26663,91.763306
260.71835,197.47931,268.40985,100.286865
261.6016,190.03845,264.50143,101.13904
262.4868,182.58075,260.63132,101.98291
263.374,175.10632,256.7989,102.8186
259.83713,204.90363,253.00366,103.64612
260.71835,197.47931,249.24507,104.46582
261.6016,190.03845,245.52255,105.277466
262.4868,182.58075,249.24507,104.46582
263.374,175.10632,245.52255,105.277466
264.26318,167.61499,241.83563,106.08142
265.15442,160.10681,238.18376,106.877686
266.0476,152.58167,234.5665,107.666504
266.94284,145.03955,230.9833,108.447754
267.8401,137.48035,227.43373,109.2218
268.73944,129.90393,230.9833,108.447754
269.64075,122.310425,227.43373,109.2218
270.54413,114.69971,223.9173,109.98865
271.4496,107.07153,220.43352,110.74829
267.30368,79.5105,216.982,111.50098
273.26663,91.763306,213.56223,112.246704
266.39294,80.22815,210.1738,112.98547
264.50143,101.13904,206.81625,113.71753
261.6857,82.67676,213.56223,112.246704
259.36655,84.169556,210.1738,112.98547
257.04962,85.829834,206.81625,113.71753
254.72049,87.64758,203.48924,114.443115
252.36487,89.61047,200.1923,115.16199
257.4401,89.954956,196.92502,115.87439
254.9244,92.19946,193.68703,116.580444
241.83563,106.08142,190.4779,117.28015
249.69188,96.9812,187.29729,117.973755
234.5665,107.666504,199.44136,122.10071
230.9833,108.447754,198.692,129.02515
227.43373,109.2218,197.94423,135.93518
230.9833,108.447754,197.19794,142.83093
227.43373,109.2218,196.45322,149.71265
223.9173,109.98865,195.71,156.5802
220.43352,110.74829,194.96832,163.43347
216.982,111.50098,194.22816,170.27283
213.56223,112.246704,193.48956,177.09802
210.1738,112.98547,195.71,156.5802
206.81625,113.71753,194.96832,163.43347
213.56223,112.246704,194.22816,170.27283
210.1738,112.98547,193.48956,177.09802
206.81625,113.71753,192.75244,183.9093
203.48924,114.443115,192.01685,190.70667
216.29521,117.47278,191.28273,197.49011
196.92502,115.87439,190.55011,204.25964
193.68703,116.580444,189.81902,211.01544
190.4779,117.28015,189.0894,217.75739
187.29729,117.973755,192.01685,190.70667
215.90562,126.47705,191.28273,197.49011
214.72618,133.63379,190.55011,204.25964
213.39368,140.71143,189.81902,211.01544
211.91466,147.71008,189.0894,217.75739
210.29672,154.63062,188.36124,224.48566
208.54886,161.47437,187.6346,231.20026
206.6814,168.24402,186.90944,237.90112
194.22816,170.27283,186.18573,244.58838
202.63246,181.5727,185.46349,251.2622
203.4204,161.23682,184.74269,257.92236
201.18094,167.80481,184.0234,264.5691
198.88593,174.31409,183.30554,271.2024
196.54976,180.77014,182.58916,277.82233
194.18784,187.17871,181.87418,284.42883
191.81506,193.54547,181.16069,291.02197
189.44708,199.87695,181.16069,291.02197
190.55011,204.25964,180.4486,297.60187
184.78703,212.45886,179.73793,304.16864
189.0894,217.75739,179.02873,310.7221
183.90338,191.56738,178.32089,317.2624
181.77528,197.84406,177.61453,323.78967
179.74078,204.11932,176.90958,330.30383
177.81212,210.39917,177.61453,323.78967
176.00148,216.68945,176.90958,330.30383
174.31926,222.99542,176.20602,336.80487
172.77527,229.32196,175.50388,343.2929
171.378,235.67346,174.80316,349.76807
170.1342,242.05371,174.10379,356.2303
169.04974,248.46606,173.40585,362.67957
184.74269,257.92236,177.87308,350.10223
184.0234,264.5691,180.97002,350.43933
183.30554,271.2024,184.09436,350.77948
182.58916,277.82233,187.24638,351.12262
181.87418,284.42883,190.42657,351.4688
181.16069,291.02197,193.63524,351.8181
181.16069,291.02197,196.87277,352.17053
180.4486,297.60187,200.1396,352.52618
179.73793,304.16864,193.63524,351.8181
179.02873,310.7221,196.87277,352.17053
178.32089,317.2624,200.1396,352.52618
177.61453,323.78967,203.43604,352.885
176.90958,330.30383,206.76256,353.24707
177.61453,323.78967,210.11958,353.61255
176.90958,330.30383,213.5075,353.98132
176.20602,336.80487,216.92676,354.35358
175.50388,343.2929,220.3778,354.7293
188.61476,345.46558,210.11958,353.61255
174.10379,356.2303,213.5075,353.98132
173.40585,362.67957,216.92676,354.35358
192.38101,350.61957,220.3778,354.72925
195.44353,352.58466,223.86102,355.10846
198.38747,354.5443,227.37695,355.4912
201.21431,356.48346,230.926,355.8775
190.42657,351.4688,234.50865,356.26752
193.63524,351.8181,238.12537,356.66125
209.02892,362.0213,227.37695,355.4912
200.1396,352.52618,230.926,355.8775
203.90324,364.1115,234.50865,356.26752
206.05817,365.5863,238.12537,356.66125
208.14325,366.9427,241.77666,357.05872
210.17023,368.1695,245.46303,357.46002
212.15173,369.25702,249.18494,357.86517
210.11958,353.61255,252.94298,358.2743
213.5075,353.98132,256.7376,358.68738
216.92676,354.35358,260.56946,359.1045
220.3778,354.7293,247.80267,358.17212
210.11958,353.61255,253.77367,359.27533
213.5075,353.98132,259.69046,360.36847
216.92676,354.35358,265.5537,361.45178
220.3778,354.72925,271.36423,362.5254
223.86102,355.10846,277.1227,363.5893
227.37695,355.4912,282.82977,364.64374
230.926,355.8775,288.48618,365.68878
234.50865,356.26752,294.0926,366.72473
238.12537,356.66125,299.64957,367.7514
227.37695,355.4912,305.15793,368.7691
230.926,355.8775,310.6182,369.778
234.50865,356.26752,316.031,370.77808
238.12537,356.66125,321.397,371.76947
246.28032,340.17474,326.7168,372.75238
245.46303,357.46002,331.99097,373.72687
249.18494,357.86517,331.991,373.72687
252.94298,358.2743,337.2201,374.693
256.7376,358.68738,342.40475,375.65088
260.56946,359.1045,347.5455,376.60077
247.80267,358.17212,352.6429,377.54254
251.85938,342.95312,357.6975,378.47644
256.85696,344.84735,362.7099,379.40253
265.5537,361.45178,357.69754,378.47644
266.77716,349.0218,362.7099,379.40253
277.1227,363.5893,367.68048,380.32092
276.6609,353.63464,372.6099,381.2317
281.61124,356.0735,377.4986,382.1349
286.5781,358.58142,382.3471,383.03076
291.56842,361.14447,387.15588,383.9192
305.15793,368.7691,376.61276,388.4524
310.6182,369.778,375.72858,394.75745
316.031,370.77808,374.84616,401.0501
321.397,371.76947,373.96548,407.33057
326.7168,372.75238,373.08652,413.59875
331.99097,373.72687,372.2093,419.8546
331.991,373.72687,371.33377,426.0984
337.2201,374.693,370.45996,432.32996
342.40475,375.65088,372.20932,419.8546
347.5455,376.60077,371.33377,426.0984
352.6429,377.54254,370.45993,432.3299
357.6975,378.47644,369.5878,438.54932
362.7099,379.40253,368.71738,444.75677
357.69754,378.47644,367.8486,450.95203
362.7099,379.40253,366.98157,457.13525
367.68048,380.32092,366.11618,463.30652
372.6099,381.2317,365.25247,469.46582
377.4986,382.1349,367.84866,450.95203
382.3471,383.03076,366.98157,457.13525
387.15588,383.9192,366.11618,463.30652
376.61276,388.4524,365.25247,469.46582
388.51883,396.61432,364.39044,475.61328
388.43387,403.09796,363.5301,481.74884
373.96548,407.33057,362.67136,487.8725
373.08652,413.59875,361.81433,493.98438
387.34213,422.23676,360.95895,500.08447
371.33377,426.0984,363.53012,481.74884
370.45996,432.32996,362.6714,487.8725
372.20932,419.8546,361.81433,493.98438
386.46735,428.42188,360.95895,500.08447
385.20856,434.5417,360.10516,506.17285
383.80948,440.61115,359.25308,512.2495
368.71738,444.75677,358.4026,518.31445
367.8486,450.95203,357.5538,524.36774
366.98157,457.13525,356.70657,530.4095
366.11618,463.30652,355.861,536.4396
365.25247,469.46582,359.25308,512.2495
367.84866,450.95203,358.40262,518.31445
374.15356,457.67328,357.55377,524.36774
371.92044,463.5224,356.70657,530.4095
369.63632,469.35352,355.861,536.4396
364.39044,475.61328,355.01706,542.4582
364.96942,480.9812,354.17468,548.4653
362.67136,487.8725,353.33392,554.4609
361.81433,493.98438,352.49478,560.445
357.93085,498.4098,351.65723,566.4177
363.53012,481.74884,348.01904,565.2033
362.6714,487.8725,344.41083,563.99896
361.81433,493.98438,340.83228,562.80444
360.95895,500.08447,337.28305,561.6197
360.10516,506.17285,333.76276,560.44464
359.25308,512.2495,330.2711,559.2791
358.4026,518.31445,330.2711,559.2791
357.5538,524.36774,326.80765,558.123
356.70657,530.4095,323.37216,556.9762
355.861,536.4396,319.9642,555.8387
359.25308,512.2495,316.58347,554.7102
358.40262,518.31445,313.22968,553.5907
357.55377,524.36774,309.9025,552.4801
356.70657,530.4095,313.2297,553.5907
355.861,536.4396,309.9025,552.4801
355.01706,542.4582,306.60156,551.3783
354.17468,548.4653,303.32663,550.2851
353.33392,554.4609,300.07733,549.20056
352.49478,560.445,296.85342,548.1244
351.65723,566.4177,293.65457,547.0566
350.99963,550.38885,296.85342,548.1244
348.5409,549.4792,293.65457,547.0566
346.06604,548.72327,290.4805,545.9971
343.56464,548.115,287.33093,544.94574
341.02615,547.6469,284.20557,543.9026
338.441,547.3105,281.10413,542.8673
330.2711,559.2791,278.02634,541.8399
326.80765,558.123,274.97195,540.8204
323.37216,556.9762,284.91925,538.36945
319.9642,555.8387,285.6342,532.8266
316.58347,554.7102,286.35037,527.2739
313.22968,553.5907,287.06787,521.71155
309.9025,552.4801,287.7866,516.1392
313.2297,553.5907,288.50662,510.55707
309.9025,552.4801,289.22787,504.96503
306.60156,551.3783,289.9505,499.3631
303.32663,550.2851,290.67432,493.75122
300.07733,549.20056,288.50662,510.55707
296.85342,548.1244,289.2279,504.96503
293.65457,547.0566,289.95044,499.3631
296.85342,548.1244,290.67432,493.75122
293.65457,547.0566,291.3994,488.12933
290.4805,545.9971,292.12585,482.4975
287.33093,544.94574,292.85355,476.8557
284.20557,543.9026,293.58258,471.20374
281.10413,542.8673,294.31287,465.54175
278.02634,541.8399,292.1259,482.4975
274.97195,540.8204,292.85355,476.85565
284.91925,538.36945,293.58258,471.20374
298.45346,533.84644,294.31287,465.54175
298.52744,528.10236,295.0445,459.8697
298.4807,522.3516,295.77737,454.18744
287.7866,516.1392,296.5116,448.49512
288.50662,510.55707,297.2472,442.79248
289.22787,504.96503,297.98404,437.07977
289.9505,499.3631,298.7222,431.3568
290.67432,493.75122,295.7774,454.18744
288.50662,510.55707,296.5116,448.49512
292.67267,504.1352,297.2472,442.79248
292.0149,498.3886,297.98404,437.07977
291.33572,492.6411,298.7222,431.3568
291.3994,488.12933,299.46173,425.62354
289.96713,481.14264,300.20255,419.87994
292.85355,476.8557,300.94467,414.12604
293.58258,471.20374,301.68817,408.36188
288.0943,463.88147,302.433,402.58728
284.70844,480.53168,303.1792,396.8023
284.25455,474.83087,303.9267,391.00684
283.8842,469.12878,304.67557,385.201
283.60864,463.425,305.42578,379.38452
283.43857,457.71906,306.17737,373.55762
283.3832,452.01044,306.93033,367.7202
296.5116,448.49512,301.40384,372.6933
297.2472,442.79248,296.59375,371.82227
297.98404,437.07977,291.7466,370.94452
298.7222,431.3568,286.86206,370.06
295.7774,454.18744,281.93964,369.16864
296.5116,448.49512,276.9789,368.27032
297.2472,442.79248,271.97937,367.365
297.98404,437.07977,276.9789,368.27032
298.7222,431.3568,271.9794,367.365
299.46173,425.62354,266.94067,366.45258
300.20255,419.87994,261.86227,365.53296
300.94467,414.12604,256.74374,364.60602
301.68817,408.36188,251.58455,363.67188
302.433,402.58728,246.38426,362.73016
303.1792,396.8023,251.58458,363.67188
303.9267,391.00684,246.38426,362.73016
304.67557,385.201,241.14236,361.78094
305.42578,379.38452,235.85834,360.82404
299.13138,383.16028,230.53174,359.85956
306.93033,367.7202,225.16196,358.88715
295.39383,384.3249,219.7485,357.90686
291.19894,384.33307,214.29088,356.91864
287.01932,384.2166,225.16196,358.88715
282.84763,383.9666,219.7485,357.90686
278.67645,383.57526,214.29088,356.91864
274.4975,383.036,208.78854,355.92218
270.3026,382.3438,203.24088,354.9176
276.11728,383.19354,197.64737,353.90472
271.94708,382.2013,192.0074,352.88342
267.73596,381.05023,186.32048,351.85364
261.86227,365.53296,180.58589,350.8152
259.1546,378.27557,197.64737,353.90472
254.76715,376.65796,192.0074,352.88342
250.3037,374.8933,186.32048,351.85364
256.22418,374.80096,180.58589,350.8152
251.6735,372.78925,174.80316,349.76807
247.02533,370.65613,168.9716,348.71204
242.27296,368.41272,163.09065,347.6471
237.41048,366.0714,157.15956,346.57312
225.16196,358.88715,151.17783,345.49
219.7485,357.90686,177.87308,350.10223
214.29088,356.91864,180.97002,350.43933
225.16196,358.88715,184.09436,350.77948
219.7485,357.90686,187.24638,351.12262
214.29088,356.91864,190.42657,351.4688
208.78854,355.92218,193.63524,351.8181
203.24088,354.9176,196.87277,352.17053
197.64737,353.90472,200.1396,352.52618
192.0074,352.88342,203.43604,352.885
186.32048,351.85364,206.76259,353.24707
180.58589,350.8152,193.63524,351.8181
197.64737,353.90472,196.87277,352.17053
192.0074,352.88342,200.1396,352.52618
186.32048,351.85364,203.43604,352.885
180.58589,350.8152,206.76256,353.24707
160.11143,350.74677,210.11958,353.61255
168.9716,348.71204,213.5075,353.98132
163.09065,347.6471,216.92676,354.35358
157.15956,346.57312,220.3778,354.72925
151.17783,345.49,223.86102,355.10846
164.22897,343.0078,227.37695,355.4912
167.948,341.84473,230.926,355.8775
171.8311,340.7588,234.50865,356.26752
175.87126,339.76556,238.12537,356.66125
180.06015,338.87903,241.77666,357.05872
184.38776,338.11304,245.46303,357.46002
196.87277,352.17053,247.80267,358.17212
200.1396,352.52618,253.77367,359.27533
203.43604,352.885,259.69046,360.36847
206.76259,353.24707,265.5537,361.45178
193.63524,351.8181,271.36423,362.5254
196.87277,352.17053,277.1227,363.5893
200.1396,352.52618,282.8298,364.64374
203.43604,352.885,277.1227,363.5893
206.76256,353.24707,282.82977,364.64374
210.11958,353.61255,288.48618,365.68878
213.5075,353.98132,294.0926,366.72473
216.92676,354.35358,299.64957,367.7514
220.3778,354.72925,305.15793,368.7691
223.86102,355.10846,310.6182,369.778
227.37695,355.4912,305.15793,368.7691
230.926,355.8775,310.6182,369.778
234.50865,356.26752,316.031,370.77808
238.12537,356.66125,321.397,371.76947
235.85458,372.3376,326.7168,372.75238
245.46303,357.46002,331.99097,373.72687
247.80267,358.17212,337.2201,374.693
250.2156,376.33392,342.40475,375.65088
259.69046,360.36847,331.991,373.72687
263.78613,378.80518,337.2201,374.693
270.53436,379.77057,342.40475,375.65088
277.24652,380.55798,347.5455,376.60077
283.91342,381.17108,352.6429,377.54254
277.1227,363.5893,357.6975,378.47644
285.79688,379.94525,362.7099,379.40253
292.36786,380.08203,367.68048,380.32092
294.0926,366.72473,372.6099,381.2317
299.64957,367.7514,357.69754,378.47644
311.5478,379.66882,362.7099,379.40253
317.73523,379.2981,367.68048,380.32092
305.15793,368.7691,372.6099,381.2317
318.94342,376.3399,377.4986,382.1349
324.85635,375.73944,382.3471,383.03076
330.6349,375.09393,387.15588,383.9192
336.2749,374.41986,391.92545,384.8004
331.99097,373.72687,396.65625,385.67456
337.2201,374.693,378.38626,375.8051
342.40475,375.65088,379.27557,369.4627
331.991,373.72687,380.16672,363.10797
337.2201,374.693,381.05957,356.7406
342.40475,375.65088,381.9542,350.36072
347.5455,376.60077,382.8506,343.9682
352.6429,377.54254,383.74875,337.56317
357.6975,378.47644,384.64874,331.1454
362.7099,379.40253,385.5504,324.71478
367.68048,380.32092,386.45395,318.27155
372.6099,381.2317,382.85062,343.9682
357.69754,378.47644,383.74875,337.56317
362.7099,379.40253,384.64868,331.1454
367.68048,380.32092,385.5504,324.71478
372.6099,381.2317,386.45395,318.27155
377.4986,382.1349,387.35925,311.81555
382.3471,383.03076,388.26636,305.34668
387.15588,383.9192,389.17526,298.865
391.92545,384.8004,390.08597,292.37036
396.65625,385.67456,390.9985,285.86273
378.38626,375.8051,387.0275,285.8092
379.27557,369.4627,383.09073,285.75604
380.16672,363.10797,379.18774,285.7033
381.05957,356.7406,375.3181,285.65112
381.9542,350.36072,371.4815,285.59943
382.8506,343.9682,367.67737,285.54803
383.74875,337.56317,367.67737,285.5481
384.64874,331.1454,363.90533,285.4972
385.5504,324.71478,360.16504,285.44672
386.45395,318.27155,356.45605,285.3966
382.85062,343.9682,352.77798,285.347
383.74875,337.56317,349.1305,285.2978
384.64868,331.1454,345.5131,285.24902
385.5504,324.71478,349.1305,285.2978
386.45395,318.27155,345.5131,285.24902
387.35925,311.81555,341.9255,285.2005
388.26636,305.34668,338.36737,285.1526
389.17526,298.865,334.83823,285.10492
390.08597,292.37036,331.33783,285.05774
390.9985,285.86273,327.86578,285.0108
398.54553,280.24634,331.33783,285.05774
394.95935,281.78345,327.86578,285.0108
391.2914,283.34442,324.42175,284.9643
387.53943,284.91382,321.00537,284.91827
383.70227,286.4756,317.61636,284.8725
379.77994,288.0146,314.25436,284.82715
367.67737,285.5481,310.91904,284.78217
363.90533,285.4972,307.61014,284.73743
360.16504,285.44672,316.84402,290.86066
356.45605,285.3966,316.073,296.83783
352.77798,285.347,315.3035,302.80408
349.1305,285.2978,314.53537,308.75946
345.5131,285.24902,313.76855,314.70392
349.1305,285.2978,313.00323,320.63757
345.5131,285.24902,312.2393,326.56042
341.9255,285.2005,311.4767,332.47253
338.36737,285.1526,310.71555,338.37384
334.83823,285.10492,313.00327,320.63757
331.33783,285.05774,312.2393,326.56042
327.86578,285.0108,311.4767,332.47253
331.33783,285.05774,310.71555,338.37384
327.86578,285.0108,309.95575,344.2644
324.42175,284.9643,309.19733,350.1443
321.00537,284.91827,308.44028,356.0136
317.61636,284.8725,307.68463,361.8722
314.25436,284.82715,306.93033,367.7202
310.91904,284.78217,309.19733,350.1443
307.61014,284.73743,308.4403,356.0136
316.84402,290.86066,307.68463,361.8722
318.55136,298.7121,306.93033,367.7202
316.36288,304.3673,306.17737,373.55762
314.16742,309.9981,305.42578,379.38452
313.76855,314.70392,304.67557,385.201
313.00323,320.63757,303.92673,391.00684
312.2393,326.56042,303.1792,396.8023
311.4767,332.47253,302.433,402.58728
310.71555,338.37384,305.4258,379.38458
313.00327,320.63757,304.67557,385.201
302.6979,325.74738,303.9267,391.00684
300.9083,331.3667,303.1792,396.8023
299.2225,336.9995,302.433,402.58728
309.95575,344.2644,301.6882,408.36188
296.1986,348.31952,300.94467,414.12604
308.44028,356.0136,300.20255,419.87994
307.68463,361.8722,299.46173,425.62354
292.636,365.4745,298.7222,431.3568
294.6995,347.7898,297.98404,437.07977
293.93344,353.60095,297.2472,442.79248
293.31216,359.44135,296.5116,448.49512
292.83456,365.31085,295.77737,454.18744
292.49838,371.20862,295.0445,459.8697
292.29962,377.1336,294.31287,465.54175
304.67557,385.201,294.3129,465.5418
303.92673,391.00684,293.58258,471.20374
292.46783,395.0503,292.85355,476.85565
292.75223,401.0605,292.12585,482.4975
305.4258,379.38458,291.3994,488.12933
297.3483,383.81232,290.67432,493.75122
303.9267,391.00684,289.95044,499.3631
303.1792,396.8023,290.67432,493.75122
299.14444,402.06104,289.95044,499.3631
301.6882,408.36188,289.2279,504.96503
300.52615,414.21088,288.50662,510.55707
301.2286,420.26685,287.7866,516.1392
301.91867,426.30396,287.06787,521.71155
298.7222,431.3568,286.35037,527.2739
303.2049,438.30402,287.06787,521.71155
303.77264,444.25854,286.35037,527.2739
304.27283,450.17798,285.6342,532.8266
304.69284,456.05884,284.91925,538.36945
305.02167,461.89844,284.20557,543.9026
305.2489,467.69434,283.49313,549.42584
294.3129,465.5418,282.78198,554.9395
293.58258,471.20374,282.07205,560.4435
292.85355,476.85565,283.49313,549.42584
305.7175,484.77228,282.78198,554.9395
305.32303,490.35004,282.07205,560.4435
304.79147,495.8808,281.36334,565.9378
289.95044,499.3631,280.6559,571.42255
290.67432,493.75122,279.9497,576.8976
289.95044,499.3631,279.24472,582.36316
289.2279,504.96503,278.54102,587.81915
301.53577,511.8167,277.83853,593.2655
287.7866,516.1392,279.9497,576.8976
298.74518,522.4299,279.24472,582.36316
286.35037,527.2739,278.54102,587.81915
287.06787,521.71155,277.83853,593.2655
295.18723,527.1949,277.13724,598.70245
293.3421,532.4308,276.43716,604.1299
284.91925,538.36945,275.73834,609.54785
284.20557,543.9026,275.04074,614.9564
287.4286,548.0928,274.34433,620.3556
282.78198,554.9395,276.4372,604.1299
282.07205,560.4435,275.73834,609.54785
283.49313,549.42584,275.04074,614.9564
281.21594,552.74915,274.34433,620.3556
279.14285,558.04126,273.64914,625.74536
277.10034,563.3532,272.95514,631.1258
280.6559,571.42255,272.26236,636.4968
279.9497,576.8976,271.57077,641.85864
279.24472,582.36316,270.88037,647.2111
278.54102,587.81915,270.1912,652.5543
277.83853,593.2655,272.95517,631.1258
279.9497,576.8976,272.26236,636.4968
267.41403,579.62787,271.57077,641.85864
266.0244,585.18463,270.88037,647.2111
264.7584,590.772,270.1912,652.5543
277.13724,598.70245,269.5032,657.8883
262.61914,602.034,268.81635,663.2131
275.73834,609.54785,268.13074,668.52875
275.04074,614.9564,267.44632,673.83514
260.44144,619.11444,266.763,679.13245
262.74976,603.10864,266.08096,684.42065
262.43933,608.8667,265.40002,689.6997
262.26242,614.6346,264.72028,694.9697
262.2143,620.408,264.0417,700.23065
262.2884,626.1824,263.3643,705.48267
262.477,631.95245,262.68805,710.7256
272.26236,636.4968,268.01263,705.1035
271.57077,641.85864,272.6277,704.7271
270.88037,647.2111,277.20984,704.3534
270.1912,652.5543,281.7594,703.9823
272.95517,631.1258,286.27667,703.6139
272.26236,636.4968,290.7621,703.24805
271.57077,641.85864,295.21594,702.8848
270.88037,647.2111,304.03027,702.1659
270.1912,652.5543,299.63852,702.5241
269.5032,657.8883,295.21594,702.8848
268.81635,663.2131,290.7621,703.24805
268.13074,668.52875,286.27667,703.6139
267.44632,673.83514,281.7594,703.9823
266.763,679.13245,277.20984,704.3534
266.08096,684.42065,281.7594,703.9823
265.40002,689.6997,277.20984,704.3534
264.72028,694.9697,272.6277,704.7271
264.0417,700.23065,268.01263,705.1035
286.78238,727.3525,263.3643,705.48267
262.68805,710.7256,258.68222,705.8645
271.42267,717.80994,253.9662,706.24915
272.6277,704.7271,249.21576,706.6366
277.20984,704.3534,262.68805,710.7256
281.7594,703.9823,262.01294,715.9595
286.27667,703.6139,261.33896,721.1846
290.7621,703.24805,260.66617,726.40063
295.21594,702.8848,259.9945,731.6078
304.03027,702.1659,259.324,736.8061
299.63852,702.5241,258.65463,741.99554
295.21594,702.8848,257.9865,747.17615
290.7621,703.24805,257.3194,752.3479
286.27667,703.6139,259.32407,736.8061
281.7594,703.9823,258.6547,741.99554
277.20984,704.3534,257.98645,747.1761
281.7594,703.9823,257.3194,752.3479
277.20984,704.3534,256.65344,757.51086
272.6277,704.7271,255.98863,762.66504
268.01263,705.1035,255.32495,767.81055
263.3643,705.48267,254.66238,772.94727
258.68222,705.8645,254.00096,778.0752
253.9662,706.24915,255.98863,762.66504
249.21576,706.6366,255.32495,767.81055
262.68805,710.7256,254.66238,772.9472
256.57098,711.7585,254.00096,778.0752
254.68251,716.99365,253.34065,783.1946
252.8597,722.27026,252.68144,788.3053
259.9945,731.6078,252.02336,793.4073
259.324,736.8061,251.36641,798.50073
258.65463,741.99554,250.71053,803.5856
257.9865,747.17615,250.0558,808.66187
257.3194,752.3479,252.68147,788.30524
259.32407,736.8061,252.02336,793.40735
245.40279,739.6632,251.36641,798.50073
244.43748,745.2461,250.71053,803.5856
243.60686,750.8531,250.05577,808.66174
256.65344,757.51086,249.40215,813.7295
242.35606,762.1215,248.74957,818.78864
255.32495,767.81055,248.09811,823.8393
254.66238,772.94727,247.44778,828.8815
241.4944,779.08093,246.79851,833.91516
244.09558,764.02136,246.15034,838.9404
244.18626,769.6702,245.50323,843.9573
244.38948,775.3004,244.8572,848.96564
244.69632,780.90576,244.21228,853.9658
245.09691,786.4802,243.56845,858.95746
245.5807,792.018,242.92569,863.9408
252.02336,793.4073,238.93442,859.87134
251.36641,798.50073,234.26756,860.7917
250.71053,803.5856,229.56747,861.7186
250.0558,808.66187,224.83394,862.6521
252.68147,788.30524,220.06648,863.5923
252.02336,793.40735,215.26479,864.5392
251.36641,798.50073,210.42844,865.493
250.71053,803.5856,215.26479,864.5392
250.05577,808.66174,210.42844,865.493
249.40215,813.7295,205.55713,866.4537
248.74957,818.78864,200.65042,867.4213
248.09811,823.8393,195.70795,868.39606
247.44778,828.8815,190.72931,869.3779
246.79851,833.91516,185.71411,870.36694
246.15034,838.9404,190.72931,869.3779
245.50323,843.9573,185.71411,870.36694
244.8572,848.96564,180.66196,871.3633
244.21228,853.9658,175.57242,872.36694
247.53786,871.5137,170.44507,873.3782
242.92569,863.9408,165.27954,874.39685
244.02257,871.1838,160.07536,875.42316
239.83292,871.32605,154.83209,876.4572
235.5519,871.3629,165.27954,874.39685
231.17499,871.30273,160.07536,875.42316
226.69838,871.1545,154.83209,876.4572
222.11885,870.9286,149.5493,877.499
217.43411,870.63617,144.2266,878.5487
222.39212,868.3286,138.86343,879.60645
217.5643,867.93616,133.4594,880.6721
212.62901,867.516,128.01398,881.74603
207.58705,867.08215,122.52677,882.8281
202.43977,866.6486,116.99723,883.9186
190.72931,869.3779,116.40843,889.3591
185.71411,870.36694,115.820786,894.7894
190.72931,869.3779,115.23416,900.20996
185.71411,870.36694,114.64861,905.6206
180.66196,871.3633,114.064156,911.02136
175.57242,872.36694,113.48075,916.41223
170.44507,873.3782,112.898415,921.79333
165.27954,874.39685,112.3171,927.16455
160.07536,875.42316,111.73691,932.5261
154.83209,876.4572,111.15769,937.8779
165.27954,874.39685,110.57962,943.22
160.07536,875.42316,110.00254,948.5523
154.83209,876.4572,109.42651,953.87506
149.5493,877.499,108.851524,959.1881
144.2266,878.5487,108.27759,964.4916
138.86343,879.60645,110.79122,967.2304
133.4594,880.6721,113.32483,969.9911
128.01398,881.74603,115.87867,972.7738
122.52677,882.8281,118.45308,975.5788
116.99723,883.9186,121.0482,978.4064
116.40843,889.3591,123.66424,981.2569
115.820786,894.7894,126.301605,984.1305
115.23416,900.20996,128.96048,987.0276
114.64861,905.6206,131.64105,989.9484
114.064156,911.02136,134.34369,992.8932
113.48075,916.41223,137.06866,995.8623
112.898415,921.79333,139.81618,998.85596
112.3171,927.16455,142.58655,1001.87463
111.73691,932.5261,145.38013,1004.91846
