541.09,502.67267,562.9826,478.4278
541.09,502.67267,563.87634,473.21887
541.09,502.67267,564.77155,468.0014
541.09,502.67267,565.6682,462.77533
541.09,502.67267,566.56647,457.5407
541.09,502.67267,563.87634,473.21887
541.09,502.67267,564.77155,468.0014
541.09,502.67267,565.6682,462.77533
544.6278,503.01166,566.56647,457.5407
548.141,503.34833,567.46606,452.29755
551.6299,503.68274,568.3672,447.0456
555.09467,504.01477,569.2698,441.7851
569.9749,505.84888,570.1739,436.5158
561.9531,504.672,571.0795,431.23785
565.34735,504.9973,571.9866,425.95123
568.7183,505.32037,572.8952,420.65576
559.42224,499.1781,575.3997,426.5545
560.31006,494.00323,578.7892,427.15356
561.1995,488.81995,582.15533,427.74854
562.0903,483.6281,585.4984,428.33948
562.9826,478.4278,588.8186,428.92633
563.87634,473.21887,592.1162,429.50922
564.77155,468.0014,595.3914,430.08813
565.6682,462.77533,592.1162,429.50922
566.56647,457.5407,595.3914,430.08813
563.87634,473.21887,598.64435,430.66315
564.77155,468.0014,601.8755,431.23425
565.6682,462.77533,605.08484,431.8015
566.56647,457.5407,608.2727,432.365
567.46606,452.29755,611.4393,432.92468
568.3672,447.0456,614.5847,433.48065
569.2698,441.7851,608.2727,432.365
570.1739,436.5158,611.4393,432.92468
571.0795,431.23785,614.5847,433.48065
571.6487,412.81512,617.7094,434.03296
572.8952,420.65576,620.81335,434.58167
573.0556,414.15186,623.89685,435.1267
575.4761,415.32062,626.96014,435.66815
577.90857,416.59668,630.00336,436.206
580.3624,417.9724,633.0267,436.74042
588.8186,428.92633,621.7152,429.5558
592.1162,429.50922,622.6186,424.52203
595.3914,430.08813,623.5234,419.48035
592.1162,429.50922,624.4295,414.43066
595.3914,430.08813,625.33716,409.37305
598.64435,430.66315,626.24615,404.30743
601.8755,431.23425,627.15674,399.2339
605.08484,431.8015,628.06866,394.15228
608.2727,432.365,628.982,389.06256
611.4393,432.92468,629.8968,383.96478
614.5847,433.48065,626.24615,404.30743
608.2727,432.365,627.1567,399.2339
611.4393,432.92468,628.06866,394.15228
614.5847,433.48065,628.982,389.06256
617.7094,434.03296,629.8968,383.96478
622.34607,434.59662,630.813,378.859
623.89685,435.1267,631.7308,373.74506
626.96014,435.66815,632.64996,368.62305
630.00336,436.206,633.5706,363.4928
633.0267,436.74042,634.4926,358.3545
629.09265,430.45795,635.41626,353.20795
622.6186,424.52203,631.39746,357.54346
623.5234,419.48035,628.28143,356.72693
624.4295,414.43066,625.1443,355.9049
625.33716,409.37305,621.98596,355.07727
626.24615,404.30743,618.806,354.24402
627.15674,399.2339,615.6045,353.40503
628.06866,394.15228,612.3809,352.56036
628.982,389.06256,615.6045,353.4051
629.8968,383.96478,612.3809,352.56036
626.24615,404.30743,609.13525,351.70984
627.1567,399.2339,605.8672,350.85352
628.06866,394.15228,602.5765,349.9912
628.982,389.06256,599.26294,349.12292
629.8968,383.96478,595.92633,348.24866
630.813,378.859,592.56635,347.36823
631.7308,373.74506,599.26294,349.123
632.64996,368.62305,595.92633,348.24866
633.5706,363.4928,592.56635,347.36823
644.75134,358.50037,589.1828,346.48163
635.41626,353.20795,585.7754,345.58868
631.39746,357.54346,582.3439,344.68945
638.6462,352.9873,578.88806,343.78394
635.337,350.9088,575.40765,342.87195
621.98596,355.07727,571.90234,341.95337
628.34796,346.87622,582.3439,344.68945
615.6045,353.40503,578.88806,343.78394
620.887,343.09186,575.40765,342.87195
623.45135,343.0996,571.90234,341.9535
619.5002,341.44037,568.3719,341.02838
609.13525,351.70984,564.8161,340.0965
611.32446,338.4381,561.23456,339.15808
607.11664,337.10962,557.62714,338.21277
602.8408,335.90356,553.99335,337.26056
595.92633,348.24866,550.3331,336.3015
594.1239,333.87372,564.8161,340.0965
599.7824,335.83636,561.23456,339.15808
595.4056,335.1612,557.62714,338.21277
591.01154,334.61353,553.99335,337.26062
586.61035,334.19067,550.3331,336.3015
582.212,333.88837,546.6461,335.33527
582.3439,344.68945,542.9319,334.36206
573.4614,333.62305,539.1903,333.38165
569.12714,333.6455,535.421,332.39392
571.90234,341.95337,531.62366,331.39886
582.3439,344.68945,527.7979,330.39636
578.88806,343.78394,527.55756,331.1762
575.40765,342.87195,523.5227,330.95526
571.90234,341.9535,519.51855,330.73596
568.3719,341.02838,515.5449,330.51837
564.8161,340.0965,511.60132,330.30255
561.23456,339.15808,507.68756,330.08807
557.62714,338.21277,503.80313,329.87543
553.99335,337.26056,507.68756,330.08807
550.3331,336.3015,503.80313,329.87543
564.8161,340.0965,499.9478,329.66437
561.23456,339.15808,496.12128,329.45483
557.62714,338.21277,492.32318,329.24683
553.99335,337.26062,488.55316,329.0404
550.3331,336.3015,484.811,328.83545
546.6461,335.33527,481.09634,328.63202
542.9319,334.36206,488.55316,329.0404
539.1903,333.38165,484.811,328.83545
535.421,332.39392,481.09634,328.63202
541.3224,331.48413,477.4089,328.4301
527.7979,330.39636,473.74832,328.2296
527.55756,331.1762,470.1144,328.03064
532.5762,335.27155,466.5068,327.83313
528.17993,336.37433,462.92523,327.63702
515.5449,330.51837,459.36945,327.44226
519.23486,338.37634,470.1144,328.03064
507.68756,330.08807,466.5068,327.83313
510.1171,340.03326,462.92523,327.63702
513.2261,341.21106,459.3694,327.44226
508.53223,341.77472,455.83905,327.24902
499.9478,329.66437,452.33395,327.05707
499.10214,342.53284,448.85376,326.86646
494.38177,342.7171,445.39825,326.67725
488.55316,329.0404,441.96716,326.48938
484.811,328.83545,438.56018,326.3028
481.09634,328.63202,459.62598,328.18726
488.55316,329.0404,463.38684,329.11908
484.811,328.83545,467.12204,330.04462
481.09634,328.63202,470.83182,330.96368
477.4089,328.4301,474.51642,331.87665
473.74832,328.2296,478.17606,332.7834
470.1144,328.03064,481.81107,333.68402
466.5068,327.83313,485.42163,334.5786
462.92523,327.63702,489.008,335.46722
459.36945,327.44226,492.57047,336.34985
470.1144,328.03064,496.10925,337.22662
466.5068,327.83313,496.10925,337.22668
462.92523,327.63702,499.62457,338.09766
459.3694,327.44226,503.11664,338.9629
460.44565,314.6333,506.5857,339.82245
452.33395,327.05707,510.03207,340.67633
448.85376,326.86646,513.4558,341.5246
445.39825,326.67725,516.8573,342.36737
441.96716,326.48938,510.84097,335.61334
438.56018,326.3028,511.65115,330.54248
459.62598,328.18726,512.4626,325.46368
463.38684,329.11908,513.27527,320.3769
467.12204,330.04462,514.0893,315.28223
470.83182,330.96368,514.90454,310.1795
474.51642,331.87665,515.72107,305.0688
478.17606,332.7834,516.5389,299.95007
481.81107,333.68402,514.90454,310.1795
485.42163,334.5786,515.72107,305.0688
489.008,335.46722,516.5389,299.95007
492.57047,336.34985,517.358,294.82324
496.10925,337.22662,518.1784,289.68842
496.10925,337.22668,519.0001,284.54547
499.62457,338.09766,519.8231,279.39447
503.11664,338.9629,520.64734,274.23535
506.5857,339.82245,521.4729,269.06805
503.52567,338.70654,519.0001,284.54547
513.4558,341.5246,519.8231,279.39447
516.8573,342.36737,520.64734,274.23535
507.759,333.97577,521.4729,269.06805
509.79782,329.00726,522.2998,263.89258
511.85947,324.0443,523.128,258.70898
513.9309,319.0869,523.9575,253.51709
515.99884,314.13483,524.7883,248.31714
518.0503,309.18787,525.6205,243.10883
520.07196,304.24567,526.4539,237.89233
522.05145,299.30768,523.128,258.70898
521.4817,309.8907,523.9575,253.51709
523.33575,304.97272,524.7883,248.31714
525.11346,300.0548,525.6205,243.10883
526.8046,295.13568,526.4539,237.89233
518.1784,289.68842,529.87714,239.09552
519.0001,284.54547,533.27783,240.29083
519.8231,279.39447,536.65594,241.47821
520.64734,274.23535,540.0119,242.65778
521.4729,269.06805,543.3458,243.82965
519.0001,284.54547,546.65796,244.99384
519.8231,279.39447,546.65796,244.99384
520.64734,274.23535,549.94855,246.15039
521.4729,269.06805,553.21765,247.29944
522.2998,263.89258,556.4657,248.4411
523.128,258.70898,559.6928,249.57532
523.9575,253.51709,562.8991,250.70233
524.7883,248.31714,566.08484,251.82208
525.6205,243.10883,562.8991,250.70233
535.593,237.84967,566.08484,251.82208
523.128,258.70898,569.25024,252.9347
523.9575,253.51709,572.39545,254.04022
524.7883,248.31714,575.52075,255.13867
525.6205,243.10883,578.62616,256.23022
535.57184,231.54156,581.71204,257.31482
538.7095,231.66205,584.7785,258.3927
541.7356,231.85614,578.62616,256.23022
544.6543,232.13348,581.71204,257.31482
547.4707,232.50244,584.7785,258.3927
550.19086,232.97034,587.82574,259.46375
546.65796,244.99384,590.8539,260.52814
546.65796,244.99384,593.86316,261.58582
554.5748,233.82935,596.8538,262.63702
557.0034,234.75037,599.82587,263.6817
556.4657,248.4411,602.77966,264.71985
561.69763,236.94623,593.86316,261.58582
562.8991,250.70233,596.85376,262.63702
566.23676,239.60681,599.82587,263.6817
562.12024,238.79773,602.77966,264.71985
564.3851,240.42065,605.7152,265.7517
569.25024,252.9347,608.6328,266.77716
568.91986,243.96027,611.5325,267.7964
571.20776,245.86249,614.4145,268.8094
578.62616,256.23022,617.279,269.81622
575.8663,249.88916,620.12616,270.81702
578.2521,251.99457,608.6328,266.77716
571.4775,250.88489,611.5325,267.7964
574.01996,253.10742,614.4145,268.8094
576.62036,255.35559,617.279,269.81622
579.2832,257.61804,620.12616,270.81702
590.8539,260.52814,619.3009,275.53583
593.86316,261.58582,618.4769,280.2478
596.8538,262.63702,617.6542,284.9532
599.82587,263.6817,616.8325,289.65167
602.77966,264.71985,616.0121,294.34344
593.86316,261.58582,615.1929,299.02844
596.85376,262.63702,615.1929,299.02856
599.82587,263.6817,614.37476,303.7069
602.77966,264.71985,613.55786,308.37842
605.7152,265.7517,612.7422,313.0434
608.6328,266.77716,611.92755,317.70166
611.5325,267.7964,611.11414,322.35333
614.4145,268.8094,610.30194,326.99823
617.279,269.81622,611.1142,322.35333
620.12616,270.81702,610.30194,326.99823
608.6328,266.77716,609.4908,331.63654
611.5325,267.7964,608.6809,336.26825
614.4145,268.8094,607.87213,340.89337
617.279,269.81622,607.06445,345.51184
630.7532,271.45892,606.2581,350.12384
630.30054,276.43707,605.45276,354.72925
629.7393,281.38904,607.0645,345.51184
629.0673,286.31238,606.2581,350.12384
628.2835,291.2046,605.45276,354.72925
627.38824,296.06366,604.64856,359.328
615.1929,299.02844,603.8455,363.9204
615.1929,299.02856,603.0436,368.5061
624.87317,305.7716,602.2428,373.0854
623.5527,310.49792,601.44324,377.6582
612.7422,313.0434,600.6447,382.2245
611.92755,317.70166,606.68384,364.62366
611.11414,322.35333,609.5053,365.32263
610.30194,326.99823,612.31006,366.01758
611.1142,322.35333,615.0983,366.7085
610.30194,326.99823,617.8701,367.3952
609.4908,331.63654,620.62555,368.07788
608.6809,336.26825,623.365,368.75665
607.87213,340.89337,626.08844,369.43146
607.06445,345.51184,628.79596,370.1023
606.2581,350.12384,631.4878,370.7693
605.45276,354.72925,620.6256,368.07788
607.0645,345.51184,623.365,368.75665
606.2581,350.12384,626.08844,369.43146
605.45276,354.72925,628.79596,370.1023
604.64856,359.328,631.4878,370.7693
608.16614,353.0252,634.16406,371.43237
603.0436,368.5061,636.82495,372.0916
602.2428,373.0854,639.47046,372.74707
601.44324,377.6582,642.10077,373.3988
600.6447,382.2245,644.71606,374.04688
606.68384,364.62366,647.31647,374.6911
608.60516,354.3023,647.31647,374.69116
610.52563,355.38806,649.90216,375.33173
612.44965,356.57135,652.4731,375.96875
614.3858,357.84668,655.0295,376.60217
620.62555,368.07788,657.5715,377.23206
623.365,368.75665,660.0992,377.85822
620.3483,362.1557,662.6127,378.48102
628.79596,370.1023,660.0992,377.85822
631.4878,370.7693,662.6127,378.48102
613.1336,363.6187,665.1122,379.10028
615.4379,365.35333,667.5977,379.7162
617.8057,367.1103,670.06946,380.3286
628.79596,370.1023,672.52747,380.93762
622.7447,370.64917,674.97186,381.5432
625.3203,372.4098,677.40283,382.14557
636.82495,372.0916,669.27954,384.58502
639.47046,372.74707,668.4906,388.83582
642.10077,373.3988,667.70276,393.081
644.71606,374.04688,666.91595,397.32062
647.31647,374.6911,666.1301,401.55463
647.31647,374.69116,665.34546,405.78308
649.90216,375.33173,664.5617,410.00598
652.4731,375.96875,663.77905,414.22333
655.0295,376.60217,662.9974,418.43506
657.5715,377.23206,665.34546,405.78308
660.0992,377.85822,664.5617,410.00598
662.6127,378.48102,663.77905,414.22333
660.0992,377.85822,662.9974,418.43506
662.6127,378.48102,662.21674,422.6413
665.1122,379.10028,661.43713,426.8421
667.5977,379.7162,660.65857,431.0373
680.12915,381.50226,659.881,435.22705
672.52747,380.93762,659.1045,439.41125
674.97186,381.5432,658.3289,443.59003
677.40283,382.14557,661.43713,426.8421
679.8655,386.1532,660.65857,431.0373
678.93933,390.4596,659.881,435.22705
677.91205,394.7356,659.1045,439.41125
676.7863,398.98096,658.3289,443.59003
666.1301,401.55463,655.84906,443.15826
665.34546,405.78308,653.3556,442.72412
664.5617,410.00598,650.8482,442.28754
663.77905,414.22333,648.3269,441.84857
662.9974,418.43506,645.7915,441.4071
665.34546,405.78308,643.2419,440.96326
664.5617,410.00598,643.2419,440.96326
663.77905,414.22333,640.67804,440.51685
662.9974,418.43506,638.0997,440.06793
662.21674,422.6413,635.5067,439.61652
661.43713,426.8421,632.8992,439.16248
660.65857,431.0373,630.27673,438.70587
659.881,435.22705,627.63947,438.2467
659.1045,439.41125,630.27673,438.70587
665.07086,436.0265,627.63947,438.2467
661.43713,426.8421,624.9871,437.78485
660.65857,431.0373,622.31946,437.32043
659.881,435.22705,619.63666,436.85333
659.1045,439.41125,616.93835,436.38354
661.5785,433.44214,614.22437,435.911
658.27637,432.75452,611.4948,435.43573
654.93634,432.16852,616.93835,436.38354
651.5667,431.68604,614.22437,435.911
648.1761,431.30768,611.4948,435.43573
644.77313,431.03326,608.7492,434.95776
641.36633,430.86163,605.9878,434.47693
640.5297,431.26263,603.21014,433.9933
637.1553,431.28906,600.41626,433.50684
633.8017,431.4076,597.60596,433.01752
630.4764,431.61304,594.779,432.5254
627.18665,431.8993,603.2102,433.9933
623.939,432.25916,600.41626,433.50684
620.73944,432.68488,597.60596,433.01752
622.8909,434.1092,594.779,432.5254
619.8335,434.63995,591.9354,432.0302
616.83844,435.20923,589.0749,431.53223
613.909,435.80713,586.19745,431.0312
611.0476,436.42316,583.3028,430.52722
608.2559,437.04694,580.39075,430.0202
614.22437,435.911,577.46136,429.51013
611.4948,435.43573,592.7216,427.5343
616.93835,436.38354,593.5089,423.03198
614.22437,435.911,594.2973,418.52344
611.4948,435.43573,595.0868,414.00848
608.7492,434.95776,595.87744,409.48706
605.9878,434.47693,596.6692,404.95935
603.21014,433.9933,597.46204,400.4253
600.41626,433.50684,598.25604,395.8847
597.60596,433.01752,599.05115,391.3377
594.779,432.5254,599.8474,386.78436
603.2102,433.9933,600.6447,382.2245
600.41626,433.50684,600.6448,382.2245
597.60596,433.01752,601.44324,377.6582
594.779,432.5254,602.2428,373.0854
601.8211,433.47852,603.04364,368.50616
589.0749,431.53223,603.8455,363.9204
586.19745,431.0312,604.6485,359.328
583.3028,430.52722,605.45276,354.72925
580.39075,430.0202,607.36017,364.20172
577.46136,429.51013,610.8968,364.48474
592.7216,427.5343,614.45544,364.76965
593.5089,423.03198,618.03656,365.0562
594.2973,418.52344,621.64026,365.34467
595.0868,414.00848,625.2666,365.635
595.87744,409.48706,628.9161,365.92712
596.6692,404.95935,632.5887,366.22107
597.46204,400.4253,625.2666,365.635
598.25604,395.8847,628.916,365.92712
599.05115,391.3377,632.5887,366.22107
599.8474,386.78436,636.2847,366.5169
600.6447,382.2245,640.0044,366.8147
600.6448,382.2245,643.74805,367.11432
601.44324,377.6582,647.5158,367.41595
602.2428,373.0854,651.30786,367.71942
603.04364,368.50616,655.1245,368.02496
597.5812,371.3197,643.7481,367.11432
604.6485,359.328,647.5158,367.41595
605.45276,354.72925,651.30786,367.71942
600.18335,368.6349,655.1245,368.02496
603.55664,367.828,658.966,368.33246
614.45544,364.76965,662.8325,368.64197
610.6004,366.10657,666.7245,368.9535
614.2724,365.21497,670.64197,369.2671
618.0444,364.31836,674.58514,369.5827
628.9161,365.92712,678.55457,369.90045
625.8823,362.5589,662.8326,368.64197
618.8989,360.87708,666.7245,368.9535
622.9756,360.08636,670.64197,369.2671
627.1376,359.3498,674.5852,369.5827
631.37994,358.6781,678.55457,369.90045
640.0044,366.8147,679.4674,365.00873
643.74805,367.11432,680.38153,360.10968
647.5158,367.41595,681.2971,355.20306
651.30786,367.71942,682.21405,350.28906
655.1245,368.02496,683.13245,345.36768
643.7481,367.11432,684.0521,340.43872
647.5158,367.41595,684.0521,340.43872
651.30786,367.71942,684.9733,335.5022
655.1245,368.02496,685.89594,330.55823
658.966,368.33246,686.8198,325.60675
662.8325,368.64197,687.74524,320.64764
666.7245,368.9535,688.672,315.68097
670.64197,369.2671,689.60016,310.70673
674.58514,369.5827,688.672,315.68097
678.55457,369.90045,689.60016,310.70673
662.8326,368.64197,690.5299,305.7249
666.7245,368.9535,691.46094,300.7354
670.64197,369.2671,692.3934,295.73828
674.5852,369.5827,693.3273,290.73352
683.0754,369.55438,694.2626,285.72107
685.12103,364.8086,695.1994,280.701
687.1116,360.06073,693.3272,290.73358
689.03534,355.31006,694.2626,285.72107
690.88184,350.55627,695.1994,280.701
692.6413,345.79852,696.13763,275.67303
684.0521,340.43872,697.0773,270.63745
684.0521,340.43872,698.0184,265.59406
696.3785,336.46887,698.96094,260.54297
697.7126,331.68958,699.90497,255.48407
686.8198,325.60675,700.8503,250.41736
687.74524,320.64764,699.8485,271.69928
688.672,315.68097,702.6019,272.75427
689.60016,310.70673,705.3377,273.80255
688.672,315.68097,708.0561,274.84412
689.60016,310.70673,710.7571,275.87903
690.5299,305.7249,713.44086,276.9074
691.46094,300.7354,716.1078,277.9292
692.3934,295.73828,718.758,278.94464
693.3273,290.73352,721.3913,279.95367
694.2626,285.72107,724.0083,280.95648
695.1994,280.701,713.441,276.9074
693.3272,290.73358,716.1078,277.9292
694.2626,285.72107,718.758,278.94464
695.1994,280.701,721.39136,279.95367
696.13763,275.67303,724.0083,280.95636
707.43695,265.1247,726.60895,281.95282
698.0184,265.59406,729.1933,282.94305
698.96094,260.54297,731.76166,283.9272
699.90497,255.48407,734.314,284.90527
700.8503,250.41736,736.85077,285.87714
699.8485,271.69928,739.3718,286.84314
709.8006,261.85236,739.3718,286.84314
711.71686,262.3769,741.87756,287.80316
713.55457,263.01172,744.3678,288.7574
715.3227,263.7597,746.843,289.70575
713.44086,276.9074,749.3031,290.64844
716.1078,277.9292,751.7483,291.58533
720.3111,266.69617,754.17883,292.51654
721.3913,279.95367,751.7483,291.58533
724.0083,280.95648,754.17883,292.51654
711.8686,265.42767,756.5946,293.44226
713.5162,266.998,758.996,294.36237
715.1766,268.6645,761.3829,295.27686
721.39136,279.95367,763.75555,296.18597
718.57434,272.2563,766.1141,297.08978
720.3299,274.16498,768.4587,297.98816
729.1933,282.94305,765.3938,295.34485
731.76166,283.9272,769.4298,295.4131
734.314,284.90527,773.49115,295.48187
736.85077,285.87714,777.57806,295.55096
739.3718,286.84314,781.6907,295.6206
739.3718,286.84314,785.8294,295.69067
741.87756,287.80316,789.9944,295.7611
744.3678,288.7574,794.1859,295.83203
746.843,289.70575,798.4042,295.90344
749.3031,290.64844,785.8294,295.69067
751.7483,291.58533,789.9944,295.7611
754.17883,292.51654,794.1859,295.83203
751.7483,291.58533,798.4042,295.90344
754.17883,292.51654,802.64954,295.97534
756.5946,293.44226,806.9221,296.04767
758.996,294.36237,811.2224,296.12048
767.59955,291.00238,815.5504,296.19373
763.75555,296.18597,819.9067,296.2674
766.1141,297.08978,824.2912,296.3416
768.4587,297.98816,806.9221,296.04767
771.586,295.6786,811.2224,296.12048
775.4503,296.92523,815.5504,296.19373
779.2771,298.16406,819.9067,296.2674
783.069,299.3836,824.2912,296.3416
786.82947,300.57245,828.7043,296.41626
785.8294,295.69067,833.1466,296.49152
794.2724,302.81396,837.6179,296.5672
797.9644,303.84558,842.1188,296.6433
798.4042,295.90344,846.6496,296.71997
785.8294,295.69067,851.2104,296.79724
789.9944,295.7611,842.49774,316.4662
794.1859,295.83203,843.53326,311.5409
798.4042,295.90344,844.57056,306.6081
802.64954,295.97534,845.60925,301.6678
806.9221,296.04767,846.6496,296.71997
811.2224,296.12048,847.69147,291.7647
815.5504,296.19373,848.735,286.80194
819.9067,296.2674,844.3769,295.7492
824.2912,296.3416,842.0897,294.77228
806.9221,296.04767,839.7878,293.789
811.2224,296.12048,837.47095,292.79938
815.5504,296.19373,835.13904,291.80328
819.9067,296.2674,832.792,290.80078
824.2912,296.3416,830.42975,289.79175
828.7043,296.41626,828.0519,288.77606
833.1466,296.49152,832.792,290.80078
837.6179,296.5672,830.42975,289.79175
842.1188,296.6433,828.0519,288.77606
854.4881,285.93097,825.6584,287.75372
851.2104,296.79724,823.24915,286.72473
842.49774,316.4662,820.824,285.68872
843.53326,311.5409,818.38275,284.64606
844.57056,306.6081,815.9253,283.5963
845.60925,301.6678,813.45135,282.5396
848.1883,284.3629,820.824,285.68878
847.69147,291.7647,818.38275,284.64606
848.735,286.80194,815.9253,283.5963
842.4298,284.22113,813.45135,282.5396
839.00244,283.73492,810.9609,281.47583
839.7878,293.789,808.4536,280.40485
832.2021,283.08075,805.92944,279.32666
828.85046,282.90045,803.38824,278.2412
832.792,290.80078,800.8297,277.14832
830.42975,289.79175,798.2537,276.0481
819.1078,282.851,808.4536,280.40485
823.16974,286.03864,805.92944,279.32666
820.1832,286.2094,803.38824,278.2412
817.2819,286.41687,800.8297,277.14832
814.4706,286.649,798.2538,276.0481
811.75354,286.89337,795.6602,274.94025
820.824,285.68872,793.0488,273.82477
806.6138,287.36932,790.41956,272.70172
804.1938,287.57513,787.77203,271.5708
813.45135,282.5396,785.10614,270.43213
820.824,285.68878,782.4217,269.28546
818.38275,284.64606,784.02637,275.83008
815.9253,283.5963,782.9484,281.21912
813.45135,282.5396,781.87225,286.59924
810.9609,281.47583,780.7978,291.97058
808.4536,280.40485,779.72516,297.3332
805.92944,279.32666,778.6543,302.68683
803.38824,278.2412,777.58514,308.0318
800.8297,277.14832,776.51776,313.36804
798.2537,276.0481,775.45215,318.6955
808.4536,280.40485,774.3882,324.01428
805.92944,279.32666,773.32605,329.32428
803.38824,278.2412,773.32605,329.32434
800.8297,277.14832,772.2657,334.62567
798.2538,276.0481,771.207,339.9184
795.6602,274.94025,770.1499,345.20258
793.0488,273.82477,769.0947,350.47815
790.41956,272.70172,768.04114,355.74506
787.77203,271.5708,766.9894,361.00342
797.9019,272.56134,768.0412,355.74506
782.4217,269.28546,766.9894,361.00342
795.6456,278.27026,765.9393,366.2533
793.80554,283.75604,764.8908,371.49463
791.86487,289.19495,763.8441,376.72742
780.7978,291.97058,762.7991,381.95172
787.71857,299.93317,761.75586,387.16766
785.5327,305.23438,760.7141,392.37506
783.28644,310.49207,762.79913,381.95172
780.99115,315.7085,761.75586,387.1676
778.65845,320.88593,760.7141,392.37506
776.3009,326.02704,759.67426,397.57404
773.32605,329.32428,758.636,402.76465
773.32605,329.32434,757.5993,407.9469
770.2459,336.036,756.56445,413.1208
767.9088,341.07294,755.5312,418.28638
770.1499,345.20258,754.4996,423.44354
763.3556,351.0913,757.59937,407.94696
768.04114,355.74506,756.56445,413.1208
759.03906,361.06183,755.5312,418.28638
759.0606,355.64435,754.4996,423.44354
757.10315,360.63116,753.46967,428.59253
765.9393,366.2533,752.4414,433.73315
753.4909,370.6151,751.41486,438.86554
751.8505,375.61926,750.38983,443.9897
750.3287,380.63574,749.3665,449.10565
761.75586,387.16766,748.3448,454.21344
747.65796,390.71637,752.4414,433.73315
749.5969,380.21405,751.41486,438.86554
748.58295,385.31085,750.38983,443.9897
747.6996,390.43005,749.3665,449.10565
746.9453,395.573,748.3448,454.21344
746.3177,400.74017,747.32477,459.313
757.5993,407.9469,746.30634,464.40442
745.42584,411.14764,745.28955,469.48773
745.15015,416.3871,744.27435,474.5628
754.4996,423.44354,743.2608,479.62988
757.59937,407.94696,742.24884,484.6889
749.04456,411.451,742.2489,484.6889
749.1312,416.7843,741.2385,489.73975
749.2825,422.13318,740.2298,494.78265
749.48627,427.4948,739.2227,499.8175
752.4414,433.73315,738.2172,504.84436
751.41486,438.86554,737.21326,509.86316
750.28687,443.62207,736.211,514.87415
749.3665,449.10565,737.2133,509.86316
748.3448,454.21344,736.211,514.87415
756.28937,433.8413,735.21027,519.8771
756.4949,439.23615,734.2111,524.87213
756.64844,444.61664,733.21356,529.85913
749.3665,449.10565,732.2175,534.83844
756.7541,455.31964,731.2232,539.8098
756.68475,460.635,730.23035,544.7733
756.5212,465.92175,732.2175,534.83844
756.25525,471.177,731.2232,539.8098
755.8799,476.39813,730.23035,544.7733
755.3889,481.58313,729.2391,549.72894
742.24884,484.6889,728.2494,554.6768
742.2489,484.6889,727.2611,559.6169
754.2066,491.8432,726.2746,564.54913
753.2174,496.8833,725.2896,569.4737
739.2227,499.8175,724.306,574.3904
750.863,506.8413,727.2612,559.6169
737.21326,509.86316,726.2746,564.54913
748.0247,516.641,725.2896,569.4737
748.4498,511.50482,724.3061,574.3904
746.74854,516.3407,723.3241,579.2995
735.21027,519.8771,722.3437,584.20087
743.0595,525.916,721.36487,589.0945
741.0892,530.66113,720.3875,593.9805
739.0475,535.38184,719.4117,598.8589
731.2232,539.8098,718.43744,603.72955
734.79266,544.7646,722.34375,584.20087
735.5567,534.697,721.36487,589.0945
733.32904,539.3866,720.3875,593.9805
731.0862,544.06866,719.41174,598.8589
728.8399,548.7471,718.43744,603.72955
728.2494,554.6768,714.20135,602.60535
727.2611,559.6169,709.99396,601.4887
726.2746,564.54913,705.81506,600.37964
725.2896,569.4737,701.6643,599.2781
724.306,574.3904,697.54144,598.1839
727.2612,559.6169,693.44617,597.09705
726.2746,564.54913,693.44617,597.09705
725.2896,569.4737,689.37823,596.01746
724.3061,574.3904,685.33734,594.945
723.3241,579.2995,681.3232,593.8797
722.3437,584.20087,677.3357,592.8214
721.36487,589.0945,673.37427,591.77014
720.3875,593.9805,669.4389,590.72565
719.4117,598.8589,673.3743,591.77014
718.43744,603.72955,669.4389,590.72565
722.34375,584.20087,665.52936,589.6881
721.36487,589.0945,661.64526,588.6573
720.3875,593.9805,657.78644,587.6332
719.41174,598.8589,653.9525,586.6157
716.94,593.2741,650.14343,585.60486
713.4111,591.6055,646.3589,584.6004
709.9188,590.0606,653.9525,586.6157
706.4558,588.6426,650.14343,585.60486
703.015,587.3535,646.3589,584.6004
699.5892,586.1941,642.5985,583.6024
693.44617,597.09705,638.8623,582.61084
693.44617,597.09705,635.14984,581.6256
693.38635,584.51685,631.461,580.6466
689.92474,583.8526,627.7955,579.67377
681.3232,593.8797,624.15314,578.70715
682.94495,582.8651,635.1499,581.6256
673.37427,591.77014,631.461,580.6466
675.8565,582.2863,627.7955,579.67377
680.11285,584.1523,624.15314,578.70715
676.42426,584.06323,620.53375,577.7465
665.52936,589.6881,616.937,576.79205
668.92303,584.07477,613.36285,575.84344
665.10706,584.1535,609.8109,574.9008
661.2464,584.2662,606.281,573.964
650.14343,585.60486,602.7731,573.033
653.39166,584.5472,616.937,576.79205
660.72955,587.6929,613.36285,575.84344
656.6204,587.8182,609.8109,574.9008
652.4738,587.9208,606.28107,573.964
648.29285,587.9899,602.7731,573.033
644.0811,588.01526,599.28674,572.1077
635.14984,581.6256,595.82196,571.18823
635.58264,587.896,592.37836,570.27435
631.3056,587.7339,588.95593,569.366
624.15314,578.70715,585.5543,568.46326
635.1499,581.6256,582.17334,567.5659
632.8976,590.70795,582.17334,567.56604
628.5202,590.1764,578.813,566.67413
624.1578,589.54315,575.47296,565.7877
619.8167,588.8056,572.153,564.9066
616.937,576.79205,568.853,564.0309
613.36285,575.84344,565.57275,563.16034
606.98926,585.95306,562.3122,562.2949
606.281,573.964,568.10004,568.33704
602.7731,573.033,567.348,572.6373
616.937,576.79205,566.59705,576.93164
613.36285,575.84344,565.84717,581.22015
609.8109,574.9008,565.0983,585.50275
606.28107,573.964,564.3504,589.7794
602.7731,573.033,563.60364,594.0503
599.28674,572.1077,562.8578,598.31537
595.82196,571.18823,564.3505,589.7794
592.37836,570.27435,563.60364,594.0503
588.95593,569.366,562.8578,598.31537
585.5543,568.46326,562.11304,602.5745
582.17334,567.5659,561.36926,606.8279
582.17334,567.56604,560.62646,611.07544
578.813,566.67413,559.88477,615.31714
575.47296,565.7877,559.1441,619.5531
572.153,564.9066,558.4043,623.78326
558.74774,561.8976,560.6265,611.07544
565.57275,563.16034,559.88477,615.31714
562.3122,562.2949,559.1441,619.5531
557.25684,566.4317,558.40436,623.78326
556.4767,570.85223,557.66565,628.0077
566.59705,576.93164,556.9279,632.2264
555.2398,579.7547,556.1912,636.43933
554.78094,584.23346,555.45557,640.6465
554.4251,588.7278,554.72076,644.848
563.60364,594.0503,553.9871,649.0437
554.00665,597.7533,556.9279,632.2264
556.16815,589.40326,556.1912,636.43933
556.17755,593.941,555.45557,640.6465
556.2617,598.4805,554.7208,644.848
556.41223,603.01843,553.9871,649.04376
556.6203,607.5512,553.25446,653.2338
560.62646,611.07544,552.52277,657.4182
557.1696,616.587,551.79205,661.597
557.4903,621.08264,551.0623,665.7701
558.4043,623.78326,550.33356,669.93744
560.6265,611.07544,549.6058,674.09924
561.4989,617.3601,549.6058,674.09924
561.81793,621.7843,548.87897,678.25543
562.1094,626.1785,548.15326,682.40594
562.3629,630.54,547.42847,686.5509
556.9279,632.2264,546.7046,690.6903
556.1912,636.43933,545.98175,694.8241
562.7993,643.409,545.2598,698.9523
554.72076,644.848,543.8315,690.94824
553.9871,649.0437,540.9421,691.20776
556.9279,632.2264,538.0361,691.4687
556.1912,636.43933,535.11334,691.7311
555.45557,640.6465,532.1739,691.9951
554.7208,644.848,529.2174,692.26056
553.9871,649.04376,526.24384,692.5276
553.25446,653.2338,523.253,692.79614
552.52277,657.4182,529.2174,692.26056
551.79205,661.597,526.24384,692.5276
551.0623,665.7701,523.253,692.79614
550.33356,669.93744,520.24475,693.0663
549.6058,674.09924,517.21893,693.338
549.6058,674.09924,514.1754,693.61127
548.87897,678.25543,511.114,693.88617
548.15326,682.40594,508.03458,694.1627
547.42847,686.5509,504.9369,694.4408
554.82996,692.39734,514.1754,693.61127
545.98175,694.8241,511.114,693.88617
545.2598,698.9523,508.03458,694.1627
551.82117,689.4044,504.93695,694.44086
548.72504,688.58936,501.82098,694.72064
545.53394,687.7963,498.68643,695.00214
542.25073,687.0363,495.5333,695.2853
538.87897,686.3197,492.3612,695.57007
529.2174,692.26056,489.17014,695.85657
526.24384,692.5276,485.95984,696.1449
528.27924,684.5303,498.68643,695.00214
533.5752,683.3529,495.53323,695.2853
529.89136,682.9963,492.3612,695.57007
526.15454,682.7338,489.17014,695.8566
522.3722,682.57135,485.9599,696.1449
518.552,682.51337,482.73026,696.43494
514.70197,682.56366,479.48108,696.7267
510.83005,682.7249,476.21222,697.02026
506.94427,682.9986,472.9234,697.31555
504.9369,694.4408,469.61456,697.6127
511.51645,682.9039,466.2854,697.91156
507.70837,683.5038,466.2854,697.91156
503.91745,684.20996,462.93582,698.2124
500.15027,685.0186,459.5656,698.515
496.41348,685.9249,456.17456,698.8195
492.71274,686.92316,452.76245,699.12585
489.05356,688.0068,449.32913,699.4342
485.44046,689.1682,445.8744,699.7444
489.17014,695.85657,455.9223,700.5002
485.95984,696.1449,459.10266,701.88336
498.68643,695.00214,462.3037,703.2756
495.53323,695.2853,465.5256,704.6768
492.3612,695.57007,468.7686,706.08716
489.17014,695.8566,472.03284,707.5069
485.9599,696.1449,475.3186,708.9359
482.73026,696.43494,478.6261,710.3744
479.48108,696.7267,472.03284,707.5069
476.21222,697.02026,475.3186,708.9359
472.9234,697.31555,478.6261,710.3744
469.61456,697.6127,481.95547,711.8224
466.2854,697.91156,485.30698,713.28
466.2854,697.91156,488.68088,714.74744
462.93582,698.2124,492.07736,716.22455
459.5656,698.515,495.4967,717.7117
456.17456,698.8195,498.93906,719.20874
461.37225,697.4548,488.68088,714.74744
449.32913,699.4342,492.07736,716.22455
445.8744,699.7444,495.4967,717.7117
463.8216,702.17896,498.93906,719.20874
466.6023,704.6633,502.40466,720.71606
469.32666,707.1362,505.8938,722.2335
471.99957,709.5876,509.40674,723.76135
474.6267,712.007,512.94366,725.2996
472.03284,707.5069,516.5048,726.8484
475.3186,708.9359,520.09045,728.40784
482.29852,718.97797,505.8938,722.2335
474.91675,716.79376,509.40674,723.76135
477.3571,718.8777,512.94366,725.2996
479.79617,720.8788,516.50476,726.8484
482.24295,722.791,520.09045,728.40784
485.30698,713.28,523.51416,727.98376
488.68088,714.74744,526.9153,727.56244
492.07736,716.22455,530.2941,727.14386
495.4967,717.7117,533.6508,726.728
498.93906,719.20874,536.98566,726.31494
488.68088,714.74744,540.2988,725.90454
492.07736,716.22455,540.2988,725.90454
495.4967,717.7117,543.5905,725.49677
498.93906,719.20874,546.86096,725.0916
502.40466,720.71606,550.1104,724.6891
505.8938,722.2335,553.3389,724.2891
509.40674,723.76135,556.5468,723.8918
512.94366,725.2996,559.7343,723.49695
516.5048,726.8484,556.5468,723.8918
520.09045,728.40784,559.7343,723.49695
505.8938,722.2335,562.90155,723.10455
509.40674,723.76135,566.04865,722.7147
512.94366,725.2996,569.17596,722.32733
516.50476,726.8484,572.28357,721.9424
520.5348,715.89465,575.3717,721.5598
523.03613,715.4126,578.4404,721.1797
525.52136,715.05945,572.28357,721.9424
527.99994,714.83356,575.37164,721.5598
530.48096,714.73175,578.4404,721.1797
532.9733,714.7499,581.4901,720.8019
535.4855,714.8823,584.5208,720.42645
534.7329,715.4951,587.5327,720.05334
537.3293,715.8363,590.526,719.6825
539.9677,716.2705,593.5009,719.314
550.1104,724.6891,596.4575,718.94775
545.3953,717.3811,587.5327,720.05334
548.19495,718.03766,590.526,719.6825
551.05743,718.74725,593.5009,719.314
547.62726,720.25696,596.4575,718.94775
550.6645,721.04175,599.39606,718.58374
553.77155,721.8457,602.31665,718.2219
556.9491,722.6572,605.2194,717.8623
560.19714,723.4641,608.1046,717.50494
572.28357,721.9424,610.9724,717.14966
575.3717,721.5598,613.8229,716.7966
570.34937,725.7435,602.31665,718.2219
564.6465,727.60474,605.2194,717.8623
568.27216,728.22424,608.1046,717.50494
571.94934,728.7744,610.9724,717.14966
575.6723,729.24664,613.8229,716.7966
584.5208,720.42645,617.0991,699.2394
587.5327,720.05334,616.2783,703.6382
590.526,719.6825,615.4587,708.03064
593.5009,719.314,614.6402,712.41675
596.4575,718.94775,613.8229,716.7966
587.5327,720.05334,613.0068,721.17017
590.62024,731.4154,616.65625,716.44556
594.51154,731.0475,619.4726,716.09674
598.3751,730.5643,622.27216,715.7499
602.2021,729.9673,625.05505,715.40515
605.98346,729.25916,627.8214,715.0625
609.7107,728.4439,630.5713,714.7218
613.37555,727.5266,633.30505,714.3832
610.9724,717.14966,630.57135,714.7218
613.8229,716.7966,633.30505,714.3832
609.5996,726.1354,636.0227,714.0466
613.03076,724.85596,638.7244,713.71185
616.36554,723.5131,641.4103,713.37915
619.5994,722.11725,644.08044,713.0484
622.7289,720.6792,646.73517,712.7195
617.0991,699.2394,649.3744,712.3926
616.2783,703.6382,644.08044,713.0484
615.4587,708.03064,646.73517,712.7195
614.6402,712.41675,649.3744,712.3926
622.7774,714.9796,651.9985,712.06757
613.0068,721.17017,654.6073,711.7443
624.98883,712.407,657.2011,711.42303
627.36505,711.0154,659.78015,711.1035
629.64594,709.6842,662.3443,710.7859
625.05505,715.40515,664.8941,710.4701
633.945,707.2407,657.2011,711.42303
635.9764,706.145,659.78015,711.1035
637.9393,705.14307,662.3443,710.7859
634.39484,704.8601,664.89404,710.4701
636.27606,704.0553,667.4291,710.156
638.11383,703.3594,669.9499,709.84375
639.9171,702.77527,672.4564,709.53326
641.69525,702.30457,674.9487,709.2245
644.08044,713.0484,677.42706,708.9175
646.73517,712.7195,679.8916,708.6122
646.9704,701.5709,669.9499,709.84375
640.8149,702.4331,672.4564,709.53326
642.6474,702.511,674.9487,709.2245
644.50757,702.6897,677.42706,708.9175
646.4028,702.9634,679.8916,708.6122
654.6073,711.7443,679.0886,712.685
657.2011,711.42303,678.2868,716.75226
659.78015,711.1035,677.4859,720.8142
662.3443,710.7859,676.68616,724.8708
664.8941,710.4701,675.8875,728.9219
657.2011,711.42303,675.08984,732.9675
659.78015,711.1035,675.08984,732.96765
662.3443,710.7859,674.2932,737.008
664.89404,710.4701,673.4977,741.043
667.4291,710.156,672.70325,745.07275
669.9499,709.84375,671.9098,749.09705
672.4564,709.53326,671.11743,753.1161
674.9487,709.2245,670.3261,757.1299
677.42706,708.9175,671.11743,753.1161
679.8916,708.6122,670.3261,757.1299
669.9499,709.84375,669.5358,761.13824
672.4564,709.53326,668.7466,765.14136
674.9487,709.2245,667.95844,769.1393
677.42706,708.9175,667.17126,773.1317
686.94946,711.896,666.3851,777.1191
686.91156,715.98596,665.60004,781.1011
678.2868,716.75226,665.48517,769.61
677.4859,720.8142,662.9981,770.08325
676.68616,724.8708,660.49725,770.5592
675.8875,728.9219,657.98224,771.0379
675.08984,732.9675,655.453,771.5193
675.08984,732.96765,652.9097,772.0033
674.2932,737.008,650.35187,772.4901
673.4977,741.043,647.77954,772.9797
672.70325,745.07275,645.19257,773.4719
671.9098,749.09705,652.9097,772.0033
671.11743,753.1161,650.35187,772.4901
670.3261,757.1299,647.77954,772.9797
671.11743,753.1161,645.19257,773.47205
670.3261,757.1299,642.5908,773.96716
669.5358,761.13824,639.9741,774.4651
668.7466,765.14136,637.3425,774.96606
676.5801,772.9208,634.6957,775.4698
667.17126,773.1317,632.0336,775.9764
666.3851,777.1191,629.3561,776.48596
665.60004,781.1011,646.06323,775.45447
665.48517,769.61,649.55646,776.9506
662.9981,770.08325,653.0705,778.45575
660.49725,770.5592,656.60565,779.96985
657.98224,771.0379,660.16205,781.49304
655.453,771.5193,663.7398,783.0255
652.9097,772.0033,667.3393,784.56714
650.35187,772.4901,670.9607,786.1183
647.77954,772.9797,674.60406,787.6787
645.19257,773.4719,678.2697,789.2488
652.9097,772.0033,681.95776,790.82837
650.35187,772.4901,681.95776,790.8284
647.77954,772.9797,685.6685,792.4178
645.19257,773.47205,689.40216,794.0169
636.28064,774.0684,693.1589,795.626
639.9741,774.4651,696.93884,797.245
637.3425,774.96606,700.74243,798.874
634.6957,775.4698,704.56964,800.5133
632.0336,775.9764,700.7424,798.874
629.3561,776.48596,704.56964,800.5133
642.4002,769.65424,708.42084,802.16284
646.5045,770.30493,712.29626,803.8227
650.6609,771.026,716.19604,805.49304
656.60565,779.96985,720.1205,807.1738
659.103,772.71124,724.0698,808.8655
663.3749,773.68964,728.04425,810.56775
667.3393,784.56714,718.7385,804.87146
670.9607,786.1183,721.2656,804.25354
674.60406,787.6787,723.7776,803.6394
678.2697,789.2488,726.2745,803.0289
681.95776,790.82837,728.7564,802.42206
681.95776,790.8284,731.22363,801.8188
685.6685,792.4178,733.6761,801.21924
689.40216,794.0169,736.1141,800.62317
693.1589,795.626,738.5376,800.0305
696.93884,797.245,731.22363,801.81885
700.74243,798.874,733.6761,801.21924
704.56964,800.5133,736.1141,800.62317
700.7424,798.874,738.5376,800.0306
704.56964,800.5133,740.94696,799.44147
708.42084,802.16284,743.34204,798.85583
712.29626,803.8227,745.7232,798.2737
711.79236,815.06647,748.0904,797.69495
720.1205,807.1738,750.4439,797.1195
724.0698,808.8655,752.7836,796.5474
728.04425,810.56775,741.8345,795.22034
718.7385,804.87146,742.7233,790.99316
721.2656,804.25354,743.61334,786.76013
723.7776,803.6394,744.50464,782.5212
726.2745,803.0289,745.39716,778.27625
728.7564,802.42206,746.29095,774.02527
731.22363,801.8188,747.18604,769.76843
733.6761,801.21924,748.08234,765.5055
736.1141,800.62317,748.9799,761.23663
738.5376,800.0305,749.8787,756.96173
731.22363,801.81885,750.7789,752.6808
733.6761,801.21924,750.7789,752.6808
736.1141,800.62317,751.6803,748.3938
738.5376,800.0306,752.58295,744.1007
747.8595,798.39594,753.4869,739.80164
743.34204,798.85583,754.3921,735.49646
745.7232,798.2737,755.2986,731.1851
748.0904,797.69495,756.20636,726.86774
750.4439,797.1195,751.9972,735.9009
752.7836,796.5474,749.5881,736.3078
741.8345,795.22034,747.1644,736.71716
742.7233,790.99316,744.72626,737.1289
743.61334,786.76013,742.2733,737.5432
744.50464,782.5212,739.8055,737.95996
745.39716,778.27625,737.3227,738.3793
746.29095,774.02527,734.82477,738.80115
747.18604,769.76843,739.8055,737.95996
748.08234,765.5055,737.3227,738.3793
748.9799,761.23663,734.82477,738.80115
749.8787,756.96173,732.3115,739.22565
750.7789,752.6808,729.78284,739.6527
750.7789,752.6808,727.2386,740.0824
751.6803,748.3938,724.6788,740.5147
752.58295,744.1007,722.1029,740.94977
753.4869,739.80164,719.5112,741.38745
752.35724,724.23364,727.23865,740.0824
755.2986,731.1851,724.6788,740.5147
756.20636,726.86774,722.1029,740.94977
747.1268,725.4911,719.51117,741.38745
743.8544,726.37354,716.9033,741.8279
740.6239,727.35925,714.279,742.2711
737.44305,728.4429,711.63837,742.71716
734.3193,729.61835,708.98114,743.1659
739.8055,737.95996,706.30707,743.6175
737.3227,738.3793,703.6161,744.072
725.3508,733.62134,714.27905,742.2711
730.0366,733.8678,711.63837,742.71716
727.32556,735.36487,708.98114,743.1659
724.69824,736.90063,706.3071,743.61755
722.1558,738.4644,703.61615,744.072
719.69885,740.0454,700.9081,744.52936
717.32666,741.6325,698.1828,744.9896
715.0376,743.2145,695.4401,745.4528
712.8291,744.78,692.6798,745.91907
719.5112,741.38745,689.9018,746.3882
719.0079,746.011,687.10583,746.8604
717.0785,747.4378,687.1058,746.8604
715.2108,748.8059,684.29175,747.3357
713.3981,750.10583,681.4594,747.814
711.63275,751.3285,678.60864,748.29553
709.9065,752.4657,675.73926,748.78015
708.2106,753.50977,672.851,749.26794
706.5357,754.454,669.94385,749.7589
706.30707,743.6175,672.851,749.26794
703.6161,744.072,669.94385,749.7589
714.90533,754.18713,667.0174,750.2532
713.2933,754.6676,664.0716,750.7507
711.6516,755.03186,661.1062,751.25146
709.9701,755.27966,658.1211,751.7557
708.23846,755.4121,655.11597,752.2632
706.44666,755.4314,652.0907,752.7741
704.5849,755.34106,658.1211,751.7557
702.6441,755.1456,655.11597,752.2632
700.6157,754.8508,652.0907,752.7741
698.49194,754.4637,649.04504,753.28845
696.2653,753.99207,645.9788,753.8064
696.7348,752.946,642.8918,754.32776
694.303,752.3334,639.78375,754.85266
691.75275,751.6659,636.65454,755.38116
678.60864,748.29553,633.50385,755.9132
675.73926,748.78015,646.92084,748.9267
672.851,749.26794,647.86426,744.0392
669.94385,749.7589,648.8092,739.14386
672.851,749.26794,649.75574,734.2406
669.94385,749.7589,650.70374,729.3294
667.0174,750.2532,651.6534,724.41034
664.0716,750.7507,652.6045,719.48334
661.1062,751.25146,653.55707,714.5483
658.1211,751.7557,654.5112,709.6053
655.11597,752.2632,655.4669,704.65436
652.0907,752.7741,651.6534,724.41034
658.1211,751.7557,652.60443,719.48334
655.11597,752.2632,653.55707,714.5483
652.0907,752.7741,654.5112,709.60535
649.04504,753.28845,655.467,704.6543
634.7897,749.85547,656.42426,699.6953
642.8918,754.32776,657.38306,694.7283
639.78375,754.85266,658.3435,689.7532
636.65454,755.38116,659.30536,684.76996
633.50385,755.9132,660.2689,679.7786
634.0996,746.3525,661.23395,674.7792
635.084,741.8269,661.23395,674.7792
636.2002,737.3052,662.2006,669.77167
637.44714,732.7833,663.1688,664.7559
638.8227,728.25806,664.1386,659.732
640.32294,723.72534,665.11005,654.6999
652.6045,719.48334,666.08295,649.65955
653.55707,714.5483,667.05756,644.611
645.5163,710.0474,666.08295,649.65955
655.4669,704.65436,667.05756,644.611
644.6914,725.7672,668.0336,639.55414
646.7767,721.17834,669.0115,634.489
648.9272,716.55804,669.9908,629.4156
651.13074,711.9041,670.97174,624.33386
655.467,704.6543,671.9543,619.2438
655.6448,702.4876,672.93854,614.1453
657.92804,697.72186,670.97174,624.33386
660.2103,692.9165,671.9543,619.2438
662.47754,688.0708,672.93854,614.1453
664.716,683.1846,673.9244,609.03845
666.9121,678.2579,674.91174,603.9232
668.06964,678.35406,675.9008,598.79956
662.2006,669.77167,676.89154,593.6675
672.1328,668.31464,677.88385,588.52686
674.035,663.23804,678.87775,583.37775
665.11005,654.6999,670.6123,602.7401
666.08295,649.65955,666.34357,601.5655
667.05756,644.611,662.1051,600.3992
666.08295,649.65955,657.8967,599.2411
667.05756,644.611,653.7181,598.09125
668.0336,639.55414,649.5688,596.9495
669.0115,634.489,645.4486,595.8157
669.9908,629.4156,641.35724,594.6899
670.97174,624.33386,637.29425,593.57184
671.9543,619.2438,633.25946,592.46155
672.93854,614.1453,649.5688,596.9495
670.97174,624.33386,645.4486,595.8157
671.9543,619.2438,641.35724,594.6899
672.93854,614.1453,637.29425,593.57184
673.9244,609.03845,633.2595,592.4616
672.97156,616.65625,629.2527,591.359
675.9008,598.79956,625.27344,590.26404
676.89154,593.6675,621.3215,589.1765
677.88385,588.52686,617.39667,588.0965
678.87775,583.37775,613.4985,587.0239
665.17694,614.35443,609.62683,585.95844
660.3492,612.5569,609.62683,585.95844
655.60767,610.65936,605.7815,584.9004
650.9572,608.6697,601.962,583.8493
646.402,606.59674,598.1683,582.8054
641.9456,604.4503,594.39996,581.76843
645.4486,595.8157,590.6568,580.7384
641.35724,594.6899,586.9386,579.7153
637.29425,593.57184,593.54047,586.558
633.25946,592.46155,592.68225,591.3401
649.5688,596.9495,591.8254,596.115
645.4486,595.8157,590.96985,600.88257
641.35724,594.6899,590.11554,605.6428
637.29425,593.57184,589.2626,610.3959
633.2595,592.4616,588.411,615.14154
629.2527,591.359,587.5606,619.88007
625.27344,590.26404,589.2626,610.3959
621.3215,589.1765,588.411,615.14154
617.39667,588.0965,587.5606,619.88007
613.4985,587.0239,586.71155,624.6113
609.62683,585.95844,585.86383,629.3353
609.62683,585.95844,585.01733,634.05225
605.7815,584.9004,584.1722,638.76196
601.962,583.8493,583.3283,643.4644
598.1683,582.8054,582.48566,648.1598
584.7869,581.08234,585.01733,634.05225
590.6568,580.7384,584.1722,638.76196
586.9386,579.7153,583.3283,643.4644
586.58575,586.68744,582.48566,648.1598
586.7653,591.7789,581.64435,652.848
587.0045,596.86475,580.8043,657.5292
590.96985,600.88257,579.9655,662.20325
587.617,607.0037,579.12805,666.8702
587.9667,612.04834,578.29175,671.5301
588.411,615.14154,577.4568,676.18286
587.5606,619.88007,578.52124,653.0173
589.2626,610.3959,575.3782,653.1877
588.411,615.14154,572.2147,653.35913
587.5606,619.88007,569.0309,653.5317
586.71155,624.6113,565.82635,653.7054
585.86383,629.3353,562.60095,653.8802
585.01733,634.05225,559.3545,654.05615
584.1722,638.76196,556.0868,654.2333
583.3283,643.4644,552.7976,654.41156
582.48566,648.1598,549.4867,654.59106
585.01733,634.05225,546.1539,654.77167
584.1722,638.76196,546.1539,654.77167
583.3283,643.4644,542.7989,654.95355
582.48566,648.1598,539.42163,655.13654
585.2731,664.2457,536.0217,655.32086
580.8043,657.5292,532.59906,655.50635
579.9655,662.20325,529.1533,655.6931
579.12805,666.8702,525.6844,655.88116
578.29175,671.5301,536.2965,656.8408
577.4568,676.18286,540.0199,658.1846
578.52124,653.0173,543.7694,659.5378
575.3782,653.1877,547.5454,660.9006
572.2147,653.35913,551.3482,662.273
569.0309,653.5317,555.178,663.6552
565.82635,653.7054,559.0351,665.04724
562.60095,653.8802,562.9199,666.4493
559.3545,654.05615,555.178,663.6552
556.0868,654.2333,559.0351,665.04724
552.7976,654.41156,562.9199,666.4493
549.4867,654.59106,566.83264,667.8614
546.1539,654.77167,570.77356,669.2837
546.1539,654.77167,574.743,670.71625
542.7989,654.95355,578.7413,672.15924
539.42163,655.13654,582.7687,673.61273
536.0217,655.32086,586.8256,675.0769
523.8431,661.0058,574.743,670.71625
529.1533,655.6931,578.7413,672.15924
525.6844,655.88116,582.7687,673.61273
527.4456,658.8342,586.8256,675.0769
531.3186,658.9559,590.9123,676.5518
535.3089,659.07056,595.0291,678.03754
539.41425,659.1908,599.1764,679.53436
543.6316,659.3292,603.35455,681.04224
547.95685,659.4984,607.5638,682.56134
559.0351,665.04724,611.8045,684.0919
556.91095,659.9787,595.0291,678.03754
549.83655,656.1549,599.1764,679.53436
554.4487,656.5507,603.35455,681.04224
559.1364,657.0348,607.5638,682.56134
563.89105,657.61694,611.8045,684.0919
570.77356,669.2837,608.3866,684.3961
574.743,670.71625,604.9438,684.70245
578.7413,672.15924,601.4759,685.01117
582.7687,673.61273,597.9826,685.322
586.8256,675.0769,594.4638,685.6352
574.743,670.71625,590.91895,685.9507
578.7413,672.15924,590.91895,685.9507
582.7687,673.61273,587.3479,686.2685
586.8256,675.0769,583.75037,686.5887
590.9123,676.5518,580.1261,686.91125
595.0291,678.03754,576.4747,687.2362
599.1764,679.53436,572.79584,687.5636
603.35455,681.04224,569.08923,687.8935
607.5638,682.56134,572.79584,687.5636
611.8045,684.0919,569.08923,687.8935
595.0291,678.03754,565.3547,688.2258
599.1764,679.53436,561.59174,688.5608
603.35455,681.04224,557.80005,688.89825
607.5638,682.56134,553.97943,689.2383
607.6806,696.39966,550.1295,689.58093
605.2834,697.2897,546.24976,689.92615
602.8956,698.0587,553.97943,689.2383
600.5063,698.7009,550.1295,689.58093
598.1047,699.2118,546.2498,689.92615
595.6794,699.5881,542.34015,690.2742
593.21936,699.8275,538.4001,690.62476
594.2826,699.5604,534.4293,690.9782
591.7451,699.5243,530.4275,691.33435
589.13983,699.3544,526.39417,691.69336
586.4562,699.0541,522.329,692.0551
583.68396,698.62854,534.4293,690.9782
580.8138,698.0839,530.4275,691.33435
577.8368,697.4281,526.39417,691.69336
582.17847,695.9383,522.329,692.0551
579.0209,695.09143,518.2316,692.4198
575.7357,694.1644,514.1017,692.78735
572.31793,693.16956,509.93872,693.15784
568.7633,692.11975,505.74246,693.5313
565.0689,691.02893,501.51236,693.9078
550.1295,689.58093,497.24808,694.2873
557.25525,688.78186,514.1017,692.78735
564.76636,686.63947,509.93872,693.15784
560.59863,685.5405,505.74246,693.5313
556.29535,684.4746,501.51236,693.9078
551.86053,683.45667,497.24814,694.2873
538.4001,690.62476,498.2321,688.3917
534.4293,690.9782,499.21796,682.48486
530.4275,691.33435,500.2057,676.5666
526.39417,691.69336,501.19537,670.63684
522.329,692.0551,502.18698,664.69574
534.4293,690.9782,503.18042,658.7431
530.4275,691.33435,503.18042,658.7431
526.39417,691.69336,504.1759,652.779
522.329,692.0551,505.1732,646.8033
518.2316,692.4198,506.1725,640.816
514.1017,692.78735,507.17377,634.8171
509.93872,693.15784,508.1769,628.8065
505.74246,693.5313,509.18204,622.7843
501.51236,693.9078,508.1769,628.8065
497.24808,694.2873,509.18204,622.7843
514.1017,692.78735,510.1891,616.75037
509.93872,693.15784,511.19815,610.70465
505.74246,693.5313,512.2091,604.6471
501.51236,693.9078,513.2221,598.5779
497.24814,694.2873,514.237,592.4967
484.91116,688.06226,515.25397,586.40356
486.69016,682.5546,513.2221,598.5779
488.60355,677.02216,514.237,592.4967
490.64233,671.4616,515.25397,586.40356
492.79587,665.87036,516.27295,580.29865
495.05292,660.2459,517.2938,574.18164
496.3983,660.62683,518.3168,568.0527
504.1759,652.779,519.3417,561.91174
501.30026,649.22375,520.36865,555.7587
503.82803,643.46204,521.39764,549.59357
506.3862,637.659,518.3168,568.0527
508.9578,631.8143,519.3417,561.91174
509.18204,622.7843,520.36865,555.7587
512.0267,632.22546,521.39764,549.59357
514.5334,626.2757,522.4286,543.41626
516.9887,620.2845,523.4616,537.2268
511.19815,610.70465,524.49677,531.02515
521.6834,608.1825,525.5338,524.8112
523.8948,602.0748,526.57294,518.5851
514.237,592.4967,527.61414,512.3465
527.9826,589.7554,523.4616,537.2268
526.72314,601.95996,524.4967,531.02515
528.43677,595.7355,525.5338,524.8112
530.0064,589.483,526.57294,518.585
531.4266,583.20465,527.6142,512.3465
517.2938,574.18164,531.87866,512.7098
518.3168,568.0527,536.1079,513.06995
519.3417,561.91174,540.3025,513.4273
520.36865,555.7587,544.46265,513.7816
521.39764,549.59357,548.58887,514.1331
518.3168,568.0527,552.68164,514.48175
519.3417,561.91174,552.68164,514.48175
520.36865,555.7587,556.7413,514.8275
521.39764,549.59357,560.76825,515.17053
522.4286,543.41626,564.7629,515.5108
523.4616,537.2268,568.72565,515.8483
524.49677,531.02515,572.6568,516.18317
525.5338,524.8112,576.5569,516.5154
526.57294,518.5851,572.6568,516.18317
527.61414,512.3465,576.5569,516.5154
523.4616,537.2268,580.4261,516.845
524.4967,531.02515,584.2649,517.17194
525.5338,524.8112,588.07355,517.4964
526.57294,518.585,591.8526,517.81824
536.1655,500.69904,595.6023,518.13763
539.5731,500.09802,599.3229,518.4545
536.1079,513.06995,589.11194,511.61792
540.3025,513.4273,590.1521,505.72845
544.46265,513.7816,591.1943,499.828
548.58887,514.1331,592.23834,493.91656
552.68164,514.48175,593.2844,487.99402
552.68164,514.48175,594.33246,482.06042
556.7413,514.8275,595.3824,476.11566
560.76825,515.17053,596.4343,470.1598
564.7629,515.5108,597.48834,464.1927
568.72565,515.8483,594.33246,482.06042
572.6568,516.18317,595.3824,476.11566
576.5569,516.5154,596.4343,470.1598
572.6568,516.18317,597.4883,464.1927
576.5569,516.5154,598.54425,458.21436
580.4261,516.845,599.6021,452.2248
584.2649,517.17194,600.6619,446.224
575.14124,515.8589,601.7239,440.21185
591.8526,517.81824,602.7877,434.1883
595.6023,518.13763,603.85364,428.15344
599.3229,518.4545,599.6021,452.2248
580.0054,510.84308,600.6619,446.224
582.2702,505.13794,601.7239,440.21185
584.62317,499.41785,602.7877,434.18835
587.05054,493.68237,603.85364,428.15344
593.2844,487.99402,600.0537,427.46808
594.33246,482.06042,596.22327,426.77728
595.3824,476.11566,592.36206,426.08087
596.4343,470.1598,588.46967,425.3789
597.48834,464.1927,584.5458,424.67114
594.33246,482.06042,580.5899,423.9577
595.3824,476.11566,580.5899,423.9577
596.4343,470.1598,576.6017,423.2384
597.4883,464.1927,572.5808,422.51324
598.54425,458.21436,568.5268,421.78204
599.6021,452.2248,564.4392,421.0448
600.6619,446.224,560.3176,420.30145
601.7239,440.21185,556.16174,419.55194
602.7877,434.1883,560.3176,420.30145
603.85364,428.15344,556.16174,419.55194
599.6021,452.2248,551.97107,418.79608
600.6619,446.224,547.745,418.03387
601.7239,440.21185,543.4833,417.26526
602.7877,434.18835,539.1855,416.4901
610.0792,440.1714,534.851,415.70837
607.2849,438.53516,530.4795,414.91992
596.22327,426.77728,544.55835,410.8246
592.36206,426.08087,545.6354,404.3709
588.46967,425.3789,546.7147,397.9043
584.5458,424.67114,547.7962,391.42456
580.5899,423.9577,548.8798,384.93176
580.5899,423.9577,549.96564,378.42584
576.6017,423.2384,551.0537,371.9068
572.5808,422.51324,552.1439,365.37457
568.5268,421.78204,553.2364,358.82904
564.4392,421.0448,549.96564,378.42584
560.3176,420.30145,551.05365,371.9068
556.16174,419.55194,552.1439,365.37457
560.3176,420.30145,553.2364,358.82904
556.16174,419.55194,554.33105,352.27032
551.97107,418.79608,555.4279,345.69818
547.745,418.03387,556.5271,339.11273
539.47363,416.98804,557.6284,332.51385
539.1855,416.4901,558.732,325.9016
534.851,415.70837,559.8378,319.27576
530.4795,414.91992,555.4279,345.69818
534.93445,409.69568,556.52704,339.11273
534.7894,403.10016,557.6284,332.51385
534.7513,396.49133,558.732,325.9016
534.83154,389.86914,559.8378,319.27576
548.8798,384.93176,555.54443,318.0667
549.96564,378.42584,551.21387,316.8471
551.0537,371.9068,546.8457,315.61694
552.1439,365.37457,542.4394,314.3761
553.2364,358.82904,537.99445,313.1244
549.96564,378.42584,533.5104,311.8615
551.05365,371.9068,533.5104,311.8615
552.1439,365.37457,528.98663,310.5876
553.2364,358.82904,524.4228,309.3023
554.33105,352.27032,519.8182,308.00555
555.4279,345.69818,515.17224,306.6972
556.5271,339.11273,510.48456,305.37708
557.6284,332.51385,505.75455,304.04498
558.732,325.9016,510.48456,305.37708
559.8378,319.27576,505.75455,304.04498
555.4279,345.69818,500.98145,302.7008
556.52704,339.11273,496.16483,301.34442
557.6284,332.51385,491.30408,299.97552
558.732,325.9016,486.39853,298.59412
548.2453,327.52747,481.44766,297.19977
544.4014,327.75104,476.4507,295.7926
551.21387,316.8471,492.41373,292.85822
546.8457,315.61694,493.52576,285.72534
542.4394,314.3761,494.64017,278.57697
537.99445,313.1244,495.75714,271.41278
533.5104,311.8615,496.87643,264.23297
533.5104,311.8615,497.9983,257.03748
528.98663,310.5876,499.12256,249.82605
524.4228,309.3023,500.2493,242.59888
519.8182,308.00555,501.3785,235.35571
515.17224,306.6972,497.9983,257.03748
510.48456,305.37708,499.12256,249.82605
505.75455,304.04498,500.2493,242.59888
510.48456,305.37708,501.3785,235.35571
505.75455,304.04498,502.5102,228.09662
500.98145,302.7008,503.64444,220.82153
496.16483,301.34442,504.78116,213.53046
508.49634,302.633,505.9204,206.22308
486.39853,298.59412,507.06213,198.89966
481.44766,297.19977,508.2064,191.55994
476.4507,295.7926,503.64444,220.82153
508.17847,296.19067,504.78116,213.53046
508.53552,289.20386,505.9204,206.22308
508.7435,282.18787,507.06213,198.89966
508.8119,275.14,508.2064,191.56
508.7511,268.05798,509.35327,184.20404
508.57318,260.93933,510.5026,176.83173
508.29074,253.78143,511.65454,169.44312
507.91776,246.58221,512.80896,162.03796
507.46927,239.33917,513.96606,154.61633
502.49985,260.5199,515.1257,147.17822
499.12256,249.82605,509.05746,152.51965
500.2493,242.59888,504.10236,150.40308
501.3785,235.35571,499.10013,148.26648
502.5102,228.09662,494.05023,146.1095
503.64444,220.82153,488.95184,143.93164
504.78116,213.53046,483.8042,141.73291
505.9204,206.22308,478.60684,139.51282
507.06213,198.89966,483.80426,141.73291
508.2064,191.55994,478.60684,139.51282
503.64444,220.82153,473.35876,137.27112
504.78116,213.53046,468.05942,135.00757
505.9204,206.22308,462.70792,132.72168
507.06213,198.89966,457.30356,130.41333
508.2064,191.56,451.84552,128.08191
509.35327,184.20404,446.33304,125.727295
510.5026,176.83173,457.30356,130.41333
511.65454,169.44312,451.84552,128.08191
512.80896,162.03796,446.33304,125.727295
506.48346,143.45203,440.76526,123.34912
515.1257,147.17822,435.14133,120.9469
509.05746,152.51965,429.46048,118.52026
493.88586,144.0951,423.72177,116.06909
488.16766,143.7456,417.92432,113.59265
494.05023,146.1095,412.06723,111.09094
476.92258,143.15405,429.46048,118.52026
483.8042,141.73291,423.72177,116.06909
465.9599,142.58325,417.92432,113.59265
471.02536,146.6156,412.06723,111.09094
465.83185,146.26196,406.1496,108.56323
473.35876,137.27112,400.17044,106.00928
455.67105,145.32495,394.1288,103.42859
450.69833,144.70435,388.0237,100.82092
457.30356,130.41333,381.8542,98.18555
451.84552,128.08191,375.61914,95.52234
436.15366,142.02148,400.17044,106.00928
447.92532,147.54004,394.1288,103.42859
443.38266,146.19043,388.0237,100.82092
438.87042,144.64429,381.8542,98.18555
434.37778,142.89062,375.61917,95.52234
435.14133,120.9469,374.48312,104.00195
429.46048,118.52026,373.34995,112.460205
423.72177,116.06909,372.2196,120.89697
417.92432,113.59265,371.09213,129.31274
412.06723,111.09094,369.96744,137.70752
429.46048,118.52026,368.84558,146.08105
423.72177,116.06909,368.84558,146.08105
417.92432,113.59265,367.72653,154.43372
412.06723,111.09094,366.6103,162.76562
406.1496,108.56323,365.49686,171.07654
400.17044,106.00928,364.38614,179.36688
394.1288,103.42859,363.2782,187.63654
388.0237,100.82092,362.17303,195.88568
381.8542,98.18555,363.2782,187.63654
375.61914,95.52234,362.17303,195.88568
400.17044,106.00928,361.07062,204.11432
394.1288,103.42859,359.97092,212.32257
388.0237,100.82092,358.87393,220.5105
381.8542,98.18555,357.77966,228.6781
389.30316,102.37866,356.68814,236.82562
386.67365,110.82544,355.59927,244.95306
383.93652,119.16724,357.77966,228.6781
381.10678,127.40845,356.68814,236.82562
378.2007,135.55444,355.59927,244.95306
375.2354,143.61108,354.5131,253.06042
368.84558,146.08105,353.4296,261.14777
368.84558,146.08105,352.34872,269.21527
367.2495,159.14124,351.27057,277.263
364.21503,166.92834,350.195,285.2909
365.49686,171.07654,349.12213,293.2992
358.24893,182.35114,352.34872,269.21527
363.2782,187.63654,351.27057,277.26294
352.53415,197.62872,350.195,285.2909
351.96136,188.98816,349.1221,293.2992
349.34418,196.60034,348.05182,301.28796
361.07062,204.11432,346.98416,309.25714
344.50046,211.81812,345.91907,317.2069
342.29953,219.43896,344.8566,325.1372
357.77966,228.6781,343.79675,333.04834
356.68814,236.82562,342.73944,340.94006
336.70795,242.43152,346.98416,309.25714
338.4001,225.7843,345.91907,317.2069
337.0879,233.56274,344.8566,325.1372
335.97028,241.38379,343.79675,333.04834
335.0481,249.25012,342.73944,340.9402
334.32037,257.16376,341.68466,348.81274
352.34872,269.21527,340.63254,356.66644
333.43463,273.13593,339.5829,364.50092
333.2649,281.19336,338.5358,372.31653
349.12213,293.2992,337.49124,380.11322
352.34872,269.21527,336.4492,387.89105
351.27057,277.26294,343.6567,381.22516
350.195,285.2909,349.76016,382.32593
349.1221,293.2992,355.8025,383.41577
348.05182,301.28796,361.78458,384.4947
346.98416,309.25714,367.70743,385.56287
345.91907,317.2069,373.5718,386.62054
344.8566,325.1372,379.37863,387.6679
343.79675,333.04834,373.5718,386.62054
342.73944,340.94006,379.37863,387.6679
346.98416,309.25714,385.12872,388.70496
345.91907,317.2069,390.8229,389.73193
344.8566,325.1372,396.46204,390.7489
343.79675,333.04834,402.04688,391.75623
342.73944,340.9402,407.5782,392.75385
341.68466,348.81274,413.05676,393.742
340.63254,356.66644,402.04688,391.75623
339.5829,364.50092,407.5782,392.75385
338.5358,372.31653,413.05676,393.742
339.76352,398.50873,418.48334,394.7207
336.4492,387.89105,423.85864,395.69012
348.18747,397.89136,429.18344,396.6505
355.3702,397.84155,434.45844,397.60187
362.4412,397.63672,439.68427,398.54437
369.39008,397.29126,444.86166,399.4782
376.2074,396.81976,429.18344,396.6505
382.88394,396.23914,434.45844,397.60187
389.4117,395.56653,439.68427,398.54437
384.19626,392.77216,444.86166,399.4782
390.5185,391.97205,449.99127,400.40332
396.67215,391.13544,455.07382,401.32
402.65335,390.2823,460.10983,402.22827
408.4595,389.43127,465.10004,403.1283
414.0893,388.60168,470.045,404.02014
407.5782,392.75385,474.94534,404.904
424.82156,387.08008,455.07382,401.32
413.45685,383.30054,460.10983,402.22827
418.55475,382.74164,465.10004,403.1283
423.48776,382.28937,470.045,404.02014
428.26245,381.9572,474.9454,404.904
423.85864,395.69012,476.01956,398.01385
429.18344,396.6505,477.0961,391.10895
434.45844,397.60187,478.1749,384.18915
439.68427,398.54437,479.25604,377.25452
444.86166,399.4782,480.33954,370.30487
429.18344,396.6505,481.4253,363.3402
434.45844,397.60187,481.4253,363.3402
439.68427,398.54437,482.51346,356.3606
444.86166,399.4782,483.604,349.36578
449.99127,400.40332,484.69684,342.3559
455.07382,401.32,485.79208,335.33075
460.10983,402.22827,486.8897,328.29034
465.10004,403.1283,487.98975,321.23474
470.045,404.02014,486.8897,328.29034
474.94534,404.904,487.98975,321.23474
455.07382,401.32,489.09207,314.16376
460.10983,402.22827,490.19687,307.0774
465.10004,403.1283,491.30408,299.97552
470.045,404.02014,492.41373,292.85815
459.78137,402.3357,493.52576,285.72534
461.6802,395.47522,494.64017,278.57697
477.0961,391.10895,486.4875,299.8501
478.1749,384.18915,481.71622,299.7259
479.25604,377.25452,476.98972,299.60284
480.33954,370.30487,472.3074,299.48096
481.4253,363.3402,467.66858,299.3601
481.4253,363.3402,463.07266,299.24042
482.51346,356.3606,458.51913,299.12195
483.604,349.36578,454.00723,299.0044
484.69684,342.3559,449.53656,298.88794
485.79208,335.33075,463.07266,299.24042
486.8897,328.29034,458.51913,299.12195
487.98975,321.23474,454.00723,299.0044
486.8897,328.29034,449.53656,298.888
487.98975,321.23474,445.10654,298.77264
489.09207,314.16376,440.7165,298.65833
490.19687,307.0774,436.366,298.5451
503.5239,302.26508,432.0545,298.43274
492.41373,292.85815,427.7815,298.3216
493.52576,285.72534,423.5464,298.2113
494.64017,278.57697,440.7165,298.65833
496.9746,308.82806,436.366,298.5451
491.50693,310.14917,432.0545,298.4328
485.99112,311.3562,427.7815,298.3216
480.43405,312.43695,423.5464,298.2113
474.84305,313.3813,419.34872,298.102
463.07266,299.24042,415.18805,297.99365
463.59344,314.8249,411.0638,297.8863
457.9532,315.31006,406.97556,297.77985
449.53656,298.88794,402.92285,297.67426
463.07266,299.24042,398.90524,297.5697
458.81192,316.54095,398.90524,297.5697
453.0838,316.3485,394.92218,297.466
447.405,315.98553,390.9733,297.36322
441.7867,315.45532,387.05814,297.26123
440.7165,298.65833,383.17627,297.16016
436.366,298.5451,379.32727,297.05994
425.4026,312.91968,375.51074,296.9605
427.7815,298.3216,379.32727,297.05994
423.5464,298.2113,375.51074,296.9605
431.19348,309.96234,371.72626,296.86206
426.09927,308.45074,367.97342,296.76434
421.14392,306.8506,364.25183,296.66742
427.7815,298.3216,360.56107,296.5713
411.67325,303.44812,356.90082,296.476
407.16672,301.67883,353.27066,296.38153
402.81668,299.88727,360.56107,296.57135
398.62454,298.09027,356.90082,296.476
394.5905,296.30542,353.27066,296.38153
390.71353,294.55005,349.67026,296.28778
398.90524,297.5697,346.09918,296.1947
398.90524,297.5697,342.55713,296.10248
383.93875,289.69238,339.04376,296.01105
380.62253,288.2066,335.5587,295.92035
387.05814,297.26123,332.10156,295.83026
374.3833,285.56372,342.55713,296.10248
379.32727,297.05994,339.04376,296.01105
368.61014,283.43195,335.5587,295.92035
373.48788,282.65778,332.10156,295.83026
370.77618,281.9511,328.67215,295.74103
371.72626,296.86206,325.27,295.6524
365.56372,281.01263,321.8948,295.56458
363.0387,280.7849,318.54626,295.4773
360.55142,280.71826,315.22412,295.3908
356.90082,296.476,311.928,295.30505
353.27066,296.38153,329.45517,289.75873
360.56107,296.57135,330.23962,283.76556
356.90082,296.476,331.0255,277.7614
353.27066,296.38153,331.8129,271.7461
349.67026,296.28778,332.60168,265.7198
346.09918,296.1947,333.39194,259.68237
342.55713,296.10248,334.18362,253.63385
339.04376,296.01105,334.9768,247.57416
335.5587,295.92035,335.77145,241.5033
332.10156,295.83026,336.56754,235.42126
342.55713,296.10248,337.36508,229.32788
339.04376,296.01105,337.36508,229.32788
335.5587,295.92035,338.16415,223.2232
332.10156,295.83026,338.96466,217.1073
335.47766,295.53253,339.7667,210.98004
325.27,295.6524,340.5702,204.84137
321.8948,295.56458,341.3752,198.69135
318.54626,295.4773,342.1817,192.5299
315.22412,295.3908,341.3752,198.69135
311.928,295.30505,342.1817,192.5299
342.3911,291.22296,342.9897,186.35687
343.79767,285.46344,343.79916,180.17249
345.0672,279.69177,344.6102,173.97656
346.19504,273.90607,345.4227,167.76892
347.17807,268.1042,346.23676,161.5498
348.01474,262.28394,347.0523,155.31897
334.18362,253.63385,339.83722,172.29883
334.9768,247.57416,335.02652,170.60791
335.77145,241.5033,330.1776,168.90369
336.56754,235.42126,325.2901,167.18567
337.36508,229.32788,320.36346,165.4541
337.36508,229.32788,315.39722,163.7085
338.16415,223.2232,310.3909,161.94873
338.96466,217.1073,305.34406,160.17493
339.7667,210.98004,300.2562,158.3866
340.5702,204.84137,315.39722,163.7085
341.3752,198.69135,310.3909,161.94873
342.1817,192.5299,305.34406,160.17493
341.3752,198.69135,300.25623,158.3866
342.1817,192.5299,295.12677,156.58362
342.9897,186.35687,289.95532,154.76599
343.79916,180.17249,284.74127,152.93323
350.5953,159.70691,279.4841,151.08545
345.4227,167.76892,274.18335,149.22229
346.23676,161.5498,268.83835,147.34363
347.0523,155.31897,289.95532,154.76599
342.63873,156.6482,284.74127,152.93323
336.94397,154.9524,279.4841,151.08545
331.19647,153.40405,274.18335,149.22229
325.40518,152.00195,268.83835,147.34363
319.5786,150.74402,263.44867,145.44922
315.39722,163.7085,258.0136,143.53882
307.85452,148.64185,252.53275,141.6123
301.97345,147.78503,247.00539,139.66956
300.2562,158.3866,241.431,137.7102
315.39722,163.7085,235.80896,135.73413
304.73273,153.16028,235.80896,135.73413
299.04373,152.74329,230.13858,133.74109
293.3801,152.39758,224.41939,131.73083
287.74686,152.10876,218.65062,129.70325
289.95532,154.76599,212.8317,127.65796
284.74127,152.93323,206.96193,125.59473
271.06476,151.43567,201.04068,123.51355
274.18335,149.22229,216.18163,126.996704
268.83835,147.34363,219.56212,126.32922
289.95532,154.76599,222.97354,125.65588
284.74127,152.93323,226.41629,124.9762
279.4841,151.08545,229.89087,124.290405
274.18335,149.22229,233.39767,123.59802
268.83835,147.34363,236.9372,122.89929
263.44867,145.44922,240.50987,122.19397
258.0136,143.53882,233.39767,123.59802
252.53275,141.6123,236.9372,122.89929
247.00539,139.66956,240.50987,122.19397
241.431,137.7102,244.11615,121.482056
235.80896,135.73413,247.75656,120.76355
235.80896,135.73413,251.4315,120.037964
230.13858,133.74109,255.14157,119.305664
224.41939,131.73083,258.88718,118.56616
218.65062,129.70325,262.66895,117.8197
226.74982,135.57288,251.4315,120.037964
206.96193,125.59473,255.14154,119.305664
201.04068,123.51355,258.88718,118.56616
228.22356,139.35413,262.66895,117.8197
230.73676,139.99658,266.48727,117.06592
222.97354,125.65588,270.3428,116.30469
235.51335,140.88037,274.23602,115.536255
237.79688,141.0968,278.1675,114.76001
233.39767,123.59802,282.13782,113.97632
242.21292,141.02502,286.1475,113.184814
244.37134,140.71997,270.3428,116.30469
235.8262,142.0708,274.23602,115.536255
237.88048,141.40466,278.1675,114.76001
239.9488,140.54565,282.13782,113.97632
242.04692,139.49304,286.1475,113.184814
247.75656,120.76355,292.19235,115.50098
251.4315,120.037964,298.17996,117.795166
255.14157,119.305664,304.11115,120.06787
258.88718,118.56616,309.98666,122.31909
262.66895,117.8197,315.8073,124.54932
251.4315,120.037964,321.5739,126.75879
255.14154,119.305664,321.5739,126.75879
258.88718,118.56616,327.2871,128.948
262.66895,117.8197,332.94772,131.11682
266.48727,117.06592,338.55643,133.26587
270.3428,116.30469,344.11398,135.39539
274.23602,115.536255,349.62103,137.50537
278.1675,114.76001,355.07828,139.59644
282.13782,113.97632,349.62103,137.50537
289.17267,93.95154,355.07828,139.59644
270.3428,116.30469,360.48642,141.66858
274.23602,115.536255,365.8461,143.72217
278.1675,114.76001,371.15793,145.75757
282.13782,113.97632,376.42264,147.77478
284.05844,96.7157,381.64075,149.77417
289.10147,100.1676,386.81296,151.75598
294.11566,103.730225,376.42264,147.77478
299.11148,107.39075,381.64075,149.77417
304.09924,111.13428,386.81296,151.75598
309.08893,114.94556,391.9398,153.72034
321.5739,126.75879,397.02188,155.66772
321.5739,126.75879,402.05984,157.59802
318.51404,124.46326,407.05423,159.5116
323.6476,128.41626,412.00558,161.40881
338.55643,133.26587,416.91446,163.2898
334.0383,136.2649,402.05984,157.59802
349.62103,137.50537,407.05423,159.5116
344.62363,143.92957,412.00558,161.40881
339.16724,143.59448,416.91446,163.2898
344.69238,147.27747,421.7814,165.15454
360.48642,141.66858,426.607,167.00354
355.9062,154.30933,431.39166,168.83679
361.59256,157.6333,436.13602,170.65479
376.42264,147.77478,440.84055,172.45728
381.64075,149.77417,445.5057,174.24475
386.81296,151.75598,420.8203,171.9082
376.42264,147.77478,419.86115,178.6482
381.64075,149.77417,418.90393,185.37457
386.81296,151.75598,417.94867,192.08722
391.9398,153.72034,416.99533,198.78644
397.02188,155.66772,416.04395,205.4721
402.05984,157.59802,415.09442,212.14429
407.05423,159.5116,414.14682,218.80304
412.00558,161.40881,413.20114,225.4483
416.91446,163.2898,412.2574,232.08032
402.05984,157.59802,411.3155,238.69904
407.05423,159.5116,411.3155,238.69904
412.00558,161.40881,410.3755,245.30438
416.91446,163.2898,409.43738,251.89655
437.7806,167.59802,408.50116,258.47552
426.607,167.00354,407.56677,265.04132
431.39166,168.83679,406.63428,271.594
436.13602,170.65479,405.70364,278.13354
440.84055,172.45728,406.63428,271.594
445.5057,174.24475,405.70364,278.13354
434.5239,176.1565,404.7749,284.6601
432.67526,182.99243,403.84796,291.17365
430.70804,189.75568,402.92285,297.67426
428.63245,196.44775,401.9996,304.162
426.45987,203.07068,401.07822,310.63678
424.2018,209.6272,400.15863,317.0987
421.8714,216.1206,401.9996,304.162
419.48135,222.55457,401.07822,310.63678
417.0456,228.93341,400.15863,317.0987
414.5785,235.26184,399.24088,323.54785
412.0938,241.54474,398.32495,329.98425
410.53177,241.28302,397.41083,336.40778
408.05273,247.50208,396.49847,342.8188
405.5999,253.69128,395.58795,349.21716
403.1877,259.85626,394.67923,355.60278
400.82947,266.00275,397.41083,336.40778
398.53906,272.13678,396.49847,342.8188
396.32895,278.2638,395.58795,349.21716
396.03088,271.45728,394.67923,355.60278
394.01392,277.59705,393.77228,361.97583
392.11185,283.7444,392.86716,368.33636
390.33432,289.9043,391.96375,374.68445
388.68964,296.08118,391.06216,381.02002
387.18512,302.27893,390.16235,387.34314
401.07822,310.63678,389.26428,393.65387
384.61926,314.75085,392.86716,368.33636
386.27945,301.6247,391.96375,374.68445
385.3803,307.9447,391.06216,381.02002
384.6375,314.2979,390.16235,387.34314
384.04974,320.68518,389.26428,393.65387
398.32495,329.98425,385.3637,393.14166
397.41083,336.40778,381.49615,392.6339
396.49847,342.8188,377.66135,392.13037
395.58795,349.21716,373.85886,391.63104
394.67923,355.60278,370.0882,391.13593
397.41083,336.40778,366.34897,390.64502
396.49847,342.8188,366.34897,390.64502
395.58795,349.21716,362.64087,390.15814
394.67923,355.60278,358.96347,389.67523
393.77228,361.97583,355.31635,389.1964
392.86716,368.33636,351.6992,388.72144
391.96375,374.68445,348.11163,388.25043
391.06216,381.02002,344.55325,387.7832
390.16235,387.34314,348.11163,388.25043
400.82666,388.07446,344.55325,387.7832
392.86716,368.33636,341.0237,387.3197
391.96375,374.68445,337.5227,386.86
391.06216,381.02002,334.04984,386.40405
390.16235,387.34314,330.60486,385.95172
401.16632,395.8286,327.18732,385.50293
396.9686,396.85114,323.79694,385.0578
392.693,397.82794,330.60486,385.95172
388.3431,398.74573,327.18732,385.50293
383.9236,399.59076,323.79694,385.0578
379.44022,400.3504,320.4334,384.6162
374.89914,401.0136,317.0964,384.17804
374.01392,402.09918,313.7856,383.7433
369.34793,402.5384,310.50073,383.312
364.64896,402.85236,307.24142,382.88397
359.92648,403.03387,304.00748,382.4594
351.6992,388.72144,312.37,383.35504
348.11163,388.25043,307.60733,382.52588
344.55325,387.7832,302.80814,381.6903
348.11163,388.25043,297.97186,380.8482
344.55325,387.7832,293.09818,379.99963
341.0237,387.3197,288.18655,379.14447
337.5227,386.86,283.23666,378.28265
334.04984,386.40405,278.24796,377.41412
330.60486,385.95172,273.22,376.53864
327.18732,385.50293,268.15237,375.6563
323.79694,385.0578,288.18655,379.14447
330.60486,385.95172,283.23666,378.28265
327.18732,385.50293,278.24796,377.41412
323.79694,385.0578,273.22,376.53864
320.4334,384.6162,268.15237,375.6563
323.02487,372.16016,263.04456,374.76703
313.7856,383.7433,257.89606,373.8706
310.50073,383.312,252.70647,372.9671
307.24142,382.88397,247.47519,372.05627
304.00748,382.4594,242.20175,371.13812
314.58224,368.76996,236.88573,370.21252
308.98206,367.80762,236.88573,370.21252
303.33618,366.98755,231.52646,369.27936
297.65305,366.31024,226.12352,368.33868
291.94095,365.77466,220.67633,367.39026
286.20767,365.37836,215.18437,366.43408
280.4612,365.11737,209.6471,365.47003
274.7088,364.98645,204.06389,364.49792
268.9575,364.97864,209.6471,365.47003
268.15237,375.6563,204.06389,364.49792
282.55954,369.82935,198.43419,363.5177
277.0381,370.14648,192.75746,362.52936
271.54294,370.5467,187.03307,361.53265
266.07834,371.01782,181.26044,360.5276
260.64777,371.5468,175.43892,359.51398
255.25381,372.12054,169.56792,358.49176
257.89606,373.8706,187.74513,355.07745
252.70647,372.9671,188.45863,348.60925
247.47519,372.05627,189.17357,342.1283
242.20175,371.13812,189.88991,335.63416
236.88573,370.21252,190.60773,329.12708
236.88573,370.21252,191.32693,322.60693
231.52646,369.27936,192.0476,316.07373
226.12352,368.33868,192.76974,309.52734
220.67633,367.39026,193.49333,302.9677
215.18437,366.43408,191.32693,322.60693
209.6471,365.47003,192.0476,316.07373
204.06389,364.49792,192.76974,309.52734
209.6471,365.47003,193.49333,302.9677
204.06389,364.49792,194.21838,296.39496
198.43419,363.5177,194.94489,289.8089
192.75746,362.52936,195.67287,283.20953
195.18872,362.55542,196.40231,276.5968
181.26044,360.5276,197.13321,269.97083
175.43892,359.51398,197.86562,263.3313
169.56792,358.49176,194.94492,289.8089
200.79837,356.95166,195.67287,283.20953
202.44164,350.64496,196.40231,276.5968
203.9431,344.3236,197.13321,269.97083
205.29512,337.9865,197.86562,263.3313
206.49179,331.63226,198.5995,256.67822
191.32693,322.60693,199.3349,250.01178
208.40292,318.86688,200.07176,243.33179
209.11354,312.45245,200.81012,236.63812
193.49333,302.9677,201.55,229.93091
191.32693,322.60693,202.29137,223.21002
207.34422,319.08337,202.29137,223.21002
207.42195,312.58484,203.03427,216.47528
207.35474,306.05786,203.77869,209.72699
207.15068,299.50092,204.52461,202.96484
194.94489,289.8089,205.27208,196.18878
195.67287,283.20953,206.02109,189.39886
205.8147,279.63324,206.7716,182.5951
197.13321,269.97083,206.02109,189.39886
204.43837,266.20947,206.7716,182.5951
200.01952,292.05878,207.52367,175.77722
199.1751,285.31592,208.27731,168.94543
198.29416,278.53802,209.03244,162.09961
197.13321,269.97083,209.78914,155.2395
196.48589,264.87494,210.54745,148.36548
195.58998,257.98944,211.3073,141.47717
194.72105,251.06824,209.78914,155.2395
193.89435,244.1117,210.54745,148.36548
193.1256,237.12073,211.3073,141.47717
192.43,230.0965,212.0687,134.5747
202.29137,223.21002,212.8317,127.65796
202.29137,223.21002,213.59627,120.72681
190.19475,215.54602,214.36241,113.78125
189.92618,208.42981,215.13014,106.82141
204.52461,202.96484,215.89948,99.84717
205.27208,196.18878,216.18163,126.996704
206.02109,189.39886,219.56212,126.32922
206.7716,182.5951,222.97354,125.65588
206.02109,189.39886,226.41629,124.9762
206.7716,182.5951,229.89087,124.290405
207.52367,175.77722,233.39767,123.59802
208.27731,168.94543,236.9372,122.89929
209.03244,162.09961,240.50987,122.19397
209.78914,155.2395,244.11615,121.482056
210.54745,148.36548,247.75656,120.76355
211.3073,141.47717,233.39767,123.59802
209.78914,155.2395,236.9372,122.89929
210.54745,148.36548,240.50987,122.19397
211.3073,141.47717,244.11615,121.482056
212.0687,134.5747,247.75656,120.76355
222.71393,116.441895,251.4315,120.037964
213.59627,120.72681,255.14154,119.305664
214.36241,113.78125,258.88718,118.56616
215.13014,106.82141,262.66895,117.8197
215.89948,99.84717,266.48727,117.06592
216.18163,126.996704,270.3428,116.30469
233.83675,125.0155,270.3428,116.30469
237.53453,126.155396,274.23602,115.536255
241.11734,127.29956,278.1675,114.76001
244.58377,128.42969,282.13782,113.97632
233.39767,123.59802,286.1475,113.184814
236.9372,122.89929,290.1972,112.385376
254.29247,131.56152,294.2875,111.57788
244.11615,121.482056,285.22565,120.80371
247.75656,120.76355,284.3059,128.40527
233.39767,123.59802,283.3882,135.98975
236.9372,122.89929,282.4726,143.557
240.50987,122.19397,281.55908,151.10706
244.11615,121.482056,280.64758,158.64014
247.75656,120.76355,279.73816,166.15625
251.4315,120.037964,278.8308,173.6554
255.14154,119.305664,280.64758,158.64014
258.88718,118.56616,279.73816,166.15625
262.66895,117.8197,278.8308,173.6554
266.48727,117.06592,277.92545,181.13776
270.3428,116.30469,277.0222,188.60321
270.3428,116.30469,276.1209,196.05188
274.23602,115.536255,275.22168,203.48395
278.1675,114.76001,274.32446,210.89929
282.13782,113.97632,273.42923,218.2981
295.02185,119.17761,276.1209,196.05188
290.1972,112.385376,275.22168,203.48395
294.2875,111.57788,274.32446,210.89929
289.1068,126.142944,273.42923,218.2981
286.43686,133.32812,272.536,225.68036
283.3882,135.98975,271.6448,233.04608
281.06653,147.51709,270.75552,240.39545
278.39914,154.53528,269.8683,247.7284
280.64758,158.64014,268.98303,255.04504
279.73816,166.15625,268.0997,262.34546
270.66418,175.37488,271.6448,233.04608
270.88376,160.05627,270.75552,240.39545
268.5346,166.96655,269.8683,247.7284
266.29547,173.87122,268.983,255.04504
264.17935,180.77759,268.0997,262.34546
262.19785,187.69238,267.21835,269.62964
276.1209,196.05188,266.33893,276.89764
258.68076,201.57324,265.4615,284.14948
257.16263,208.55072,264.58597,291.38544
273.42923,218.2981,263.71237,298.6054
276.1209,196.05188,262.84073,305.80933
257.15152,200.01306,262.84073,305.80933
256.33298,207.15381,261.97104,312.9973
255.6944,214.33942,261.10324,320.16962
255.23361,221.57129,260.2373,327.32605
271.6448,233.04608,259.37332,334.46674
270.75552,240.39545,258.5112,341.59186
254.87077,243.54572,257.651,348.70117
268.98303,255.04504,258.5112,341.59186
268.0997,262.34546,257.651,348.70117
260.29294,228.74292,256.7927,355.79504
260.8725,236.3252,255.93622,362.8734
261.55203,243.9411,255.08165,369.93622
268.983,255.04504,254.22894,376.98364
263.1442,259.2522,253.3781,384.01562
264.0223,266.93518,252.52911,391.0324
266.33893,276.89764,251.37218,369.4781
265.4615,284.14948,247.69777,369.02435
264.58597,291.38544,244.05792,368.57483
263.71237,298.6054,240.45218,368.12952
262.84073,305.80933,236.88004,367.68842
262.84073,305.80933,233.34108,367.25134
261.97104,312.9973,229.8348,366.81836
261.10324,320.16962,226.36072,366.38934
260.2373,327.32605,222.91844,365.96423
259.37332,334.46674,233.34108,367.25134
258.5112,341.59186,229.8348,366.81836
257.651,348.70117,226.36072,366.38934
258.5112,341.59186,222.91844,365.96423
257.651,348.70117,219.50754,365.54303
256.7927,355.79504,216.12758,365.1256
255.93622,362.8734,212.7781,364.71204
261.92172,385.7207,209.45877,364.30206
254.22894,376.98364,206.1691,363.8958
253.3781,384.01562,202.90877,363.4931
252.52911,391.0324,216.12758,365.1256
252.50064,387.1007,212.7781,364.71204
247.34285,386.61432,209.45877,364.30206
242.22571,385.95685,206.1691,363.8958
237.16336,385.1316,202.90874,363.49316
232.16917,384.1432,199.67732,363.09412
233.34108,367.25134,196.47438,362.6986
222.43935,381.7038,193.29959,362.30652
217.7291,380.27008,190.15263,361.9179
222.91844,365.96423,187.03307,361.53265
233.34108,367.25134,183.94055,361.15082
229.8348,366.81836,192.75746,362.52936
226.36072,366.38934,198.43419,363.5177
222.91844,365.96423,204.06389,364.49792
219.50754,365.54303,209.6471,365.47003
216.12758,365.1256,215.18437,366.43408
212.7781,364.71204,220.67633,367.39026
209.45877,364.30206,226.12352,368.33868
206.1691,363.8958,220.67633,367.39026
202.90877,363.4931,226.12352,368.33868
216.12758,365.1256,231.52646,369.27936
212.7781,364.71204,236.88573,370.21252
209.45877,364.30206,242.20175,371.13812
206.1691,363.8958,247.47519,372.05627
202.90874,363.49316,252.70647,372.9671
199.67732,363.09412,257.89606,373.8706
196.47438,362.6986,247.47519,372.05627
193.29959,362.30652,252.70647,372.9671
190.15263,361.9179,257.89606,373.8706
181.42923,352.26276,263.04456,374.76703
183.94055,361.15082,268.15237,375.6563
186.1419,356.06744,273.22,376.53864
191.39409,358.55585,278.24796,377.41412
196.66727,361.07013,283.23666,378.28265
201.96591,363.59546,288.18655,379.14447
207.29388,366.1173,273.22,376.53864
212.65428,368.6206,278.24796,377.41412
218.04945,371.09155,283.23666,378.28265
212.68187,371.6809,288.18655,379.14447
218.23625,374.0703,293.09818,379.99963
223.82623,376.3853,297.97186,380.8482
229.45102,378.61316,302.80814,381.6903
235.10909,380.7425,307.60733,382.52588
240.79805,382.76233,312.37,383.35504
252.70647,372.9671,317.0964,384.17804
252.25533,386.43536,297.97186,380.8482
242.48607,385.53815,302.80814,381.6903
248.37712,387.05914,307.60733,382.52588
254.27495,388.43115,312.37,383.35504
260.1731,389.65045,317.0964,384.17804
268.15237,375.6563,317.85834,378.3568
273.22,376.53864,318.6217,372.5251
278.24796,377.41412,319.3864,366.6828
283.23666,378.28265,320.1525,360.82996
288.18655,379.14447,320.91998,354.96643
273.22,376.53864,321.68887,349.0923
278.24796,377.41412,321.68887,349.0923
283.23666,378.28265,322.45914,343.20746
288.18655,379.14447,323.2308,337.31195
293.09818,379.99963,324.00394,331.40564
297.97186,380.8482,324.77838,325.48865
302.80814,381.6903,325.5543,319.5608
307.60733,382.52588,326.33163,313.6222
312.37,383.35504,325.5543,319.5608
330.1823,386.38654,326.33163,313.6222
297.97186,380.8482,327.11038,307.67267
302.80814,381.6903,327.89053,301.71234
307.60733,382.52588,328.67215,295.74103
312.37,383.35504,329.45517,289.75873
325.77188,385.79266,330.23962,283.76556
325.3561,379.87354,331.0255,277.7614
324.8662,373.93518,329.45517,289.75873
324.314,367.97705,330.23962,283.76556
323.71252,361.99878,331.0255,277.7614
323.0752,355.99994,331.8129,271.7461
322.4152,349.98022,332.60168,265.7198
320.9876,349.74518,333.39194,259.68237
320.32425,343.69556,334.18362,253.63385
319.68033,337.62543,334.9768,247.57416
319.06982,331.53503,335.77145,241.5033
318.50598,325.42432,333.39194,259.68237
318.00256,319.29395,334.18362,253.63385
317.57193,313.14423,334.9768,247.57416
315.7017,318.76385,335.77145,241.5033
315.4506,312.61334,336.56754,235.42126
315.3064,306.44733,337.36508,229.32788
315.2792,300.26727,338.16415,223.2232
315.3774,294.0744,338.96466,217.1073
315.60876,287.87042,339.7667,210.98004
315.97952,281.65698,340.5702,204.84137
316.49463,275.43597,337.36508,229.32788
314.83618,287.26068,338.16415,223.2232
315.64178,281.08948,338.96466,217.1073
316.59772,274.917,339.7667,210.98004
317.703,268.7453,340.5702,204.84137
318.95535,262.57684,341.3752,198.69135
320.35056,256.41345,342.1817,192.5299
321.8833,250.25763,342.9897,186.35687
323.5464,244.11139,343.79916,180.17249
325.33133,237.97705,344.6102,173.97656
324.04926,256.4239,345.4227,167.76892
334.18362,253.63385,349.34586,175.64099
334.9768,247.57416,354.04468,177.2926
335.77145,241.5033,358.70703,178.9314
336.56754,235.42126,363.3334,180.55743
337.36508,229.32788,367.92416,182.17108
338.16415,223.2232,372.47977,183.77228
338.96466,217.1073,377.00058,185.36127
339.7667,210.98004,372.47977,183.77228
340.5702,204.84137,377.00058,185.36127
337.36508,229.32788,381.48697,186.93823
338.16415,223.2232,385.9394,188.50323
338.96466,217.1073,390.3582,190.05634
339.7667,210.98004,394.74374,191.59784
340.5702,204.84137,399.0965,193.12775
341.3752,198.69135,403.41672,194.64624
342.1817,192.5299,394.74374,191.59784
342.9897,186.35687,399.0965,193.12775
343.79916,180.17249,403.41672,194.64624
347.85315,186.35614,407.7048,196.15344
345.4227,167.76892,411.96115,197.64948
349.34586,175.64099,416.18607,199.13452
359.69492,186.2915,420.3799,200.60864
365.06464,186.61237,424.54303,202.07184
363.3334,180.55743,428.67572,203.52448
375.50464,187.0315,416.18607,199.13452
372.47977,183.77228,420.3799,200.60864
385.50534,187.25104,424.54303,202.07184
381.30145,184.12958,428.67572,203.52448
386.07065,184.20996,432.77838,204.96655
381.48697,186.93823,436.8513,206.39807
395.23007,184.4184,440.8948,207.81934
399.61832,184.57568,444.90918,209.23035
394.74374,191.59784,448.89484,210.63123
408.0147,185.06476,452.852,212.0221
412.0269,185.42139,436.8513,206.39807
402.9366,181.15466,440.89478,207.81934
406.81256,181.72687,444.90918,209.23035
410.57764,182.40851,448.89484,210.63123
414.23804,183.20703,452.852,212.0221
417.8004,184.12799,456.78094,213.40314
416.18607,199.13452,460.68207,214.77429
424.66245,186.35431,464.5556,216.13586
427.97864,187.66425,468.40182,217.48773
428.67572,203.52448,472.22107,218.83014
416.18607,199.13452,476.0136,220.16315
420.3799,200.60864,471.389,224.33698
424.54303,202.07184,470.55832,229.83453
428.67572,203.52448,469.72903,235.32306
432.77838,204.96655,468.9011,240.80243
436.8513,206.39807,468.07455,246.27264
440.8948,207.81934,467.24933,251.73383
444.90918,209.23035,466.42554,257.1859
448.89484,210.63123,467.24933,251.73383
452.852,212.0221,466.42554,257.1859
436.8513,206.39807,465.60312,262.62903
440.89478,207.81934,464.78204,268.06305
444.90918,209.23035,463.96228,273.48804
448.89484,210.63123,463.14395,278.90424
452.852,212.0221,462.32693,284.31128
456.78094,213.40314,461.51123,289.70953
460.68207,214.77429,463.14395,278.90424
464.5556,216.13586,462.32693,284.31128
468.40182,217.48773,461.51123,289.70953
466.64642,215.49847,460.69693,295.09888
476.0136,220.16315,459.88394,300.4793
471.389,224.33698,459.0723,305.8509
468.7852,227.02191,458.262,311.21362
469.27094,232.77039,457.45306,316.56757
468.9011,240.80243,456.64545,321.91266
470.24017,244.31238,459.0723,305.8509
467.24933,251.73383,458.262,311.21362
471.1181,255.88458,457.45306,316.56757
473.16553,250.65009,456.6454,321.91266
473.47565,256.45496,455.83905,327.24902
465.60312,262.62903,455.0341,332.5766
473.86945,268.02905,454.23038,337.89545
473.93314,273.78925,453.428,343.20557
463.14395,278.90424,452.627,348.50708
473.75165,285.23425,451.82727,353.79987
461.51123,289.70953,452.02597,326.30426
463.14395,278.90424,448.18637,325.3529
462.32693,284.31128,444.32,324.39496
461.51123,289.70953,440.4265,323.43018
460.69693,295.09888,436.50577,322.4588
459.88394,300.4793,432.55728,321.48047
459.0723,305.8509,428.58093,320.4953
458.262,311.21362,424.5763,319.50305
457.45306,316.56757,420.54315,318.50378
456.64545,321.91266,416.48117,317.4973
459.0723,305.8509,412.39,316.48364
458.262,311.21362,412.39,316.4837
457.45306,316.56757,408.26944,315.46277
456.6454,321.91266,404.11905,314.43445
464.94424,324.5952,399.93857,313.39862
455.0341,332.5766,395.72763,312.3553
454.23038,337.89545,391.48593,311.30426
453.428,343.20557,387.2131,310.2456
452.627,348.50708,394.9307,317.9864
451.82727,353.79987,394.13513,323.6078
452.02597,326.30426,393.34094,329.21948
448.18637,325.3529,392.5481,334.82153
444.32,324.39496,391.75668,340.41394
440.4265,323.43018,390.96658,345.99664
436.50577,322.4588,390.17786,351.56982
432.55728,321.48047,389.39047,357.13336
428.58093,320.4953,390.96658,345.99664
424.5763,319.50305,390.17786,351.56982
420.54315,318.50378,389.39047,357.13336
416.48117,317.4973,388.60446,362.68738
412.39,316.48364,387.8198,368.2318
412.39,316.4837,387.03647,373.76685
408.26944,315.46277,386.2545,379.29224
404.11905,314.43445,385.47382,384.8083
399.93857,313.39862,384.69455,390.31494
382.13895,310.28058,387.03647,373.76685
391.48593,311.30426,386.25446,379.29224
387.2131,310.2456,385.47382,384.8083
381.43002,315.53247,384.69455,390.31494
380.94037,321.1032,383.91653,395.81207
380.5829,326.70312,383.1399,401.29987
392.5481,334.82153,382.3646,406.77832
380.24655,337.98846,381.59055,412.24738
380.25565,343.67133,380.8179,417.7072
390.17786,351.56982,380.04648,423.15765
389.39047,357.13336,388.116,396.5432
390.96658,345.99664,392.2855,397.26923
390.17786,351.56982,396.42532,397.99
389.39047,357.13336,400.53583,398.70563
388.60446,362.68738,404.61728,399.41626
387.8198,368.2318,408.67004,400.12195
387.03647,373.76685,412.6944,400.82257
386.2545,379.29224,416.69064,401.51837
385.47382,384.8083,420.65906,402.20935
384.69455,390.31494,424.59995,402.89545
387.03647,373.76685,428.51355,403.57684
386.25446,379.29224,428.51355,403.57684
385.47382,384.8083,432.40024,404.25354
384.69455,390.31494,436.2602,404.92566
382.165,409.5387,440.09378,405.59308
383.1399,401.29987,443.90115,406.25598
382.3646,406.77832,447.6827,406.91443
381.59055,412.24738,451.43863,407.5683
380.8179,417.7072,447.346,406.7276
380.04648,423.15765,450.81546,407.2025
388.116,396.5432,454.3096,407.6809
392.2855,397.26923,457.82898,408.16272
396.42532,397.99,461.37363,408.64795
400.53583,398.70563,464.94397,409.13672
404.61728,399.41626,468.54022,409.6291
408.67004,400.12195,472.16266,410.125
412.6944,400.82257,464.94397,409.13672
416.69064,401.51837,468.54022,409.6291
420.65906,402.20935,472.16266,410.125
424.59995,402.89545,475.81158,410.6245
428.51355,403.57684,479.4873,411.1277
428.51355,403.57684,483.1901,411.6347
432.40024,404.25354,486.92023,412.14532
436.2602,404.92566,490.67807,412.65973
440.09378,405.59308,494.4639,413.17804
437.23953,416.49902,483.1901,411.6347
447.6827,406.91443,486.92023,412.14532
451.43863,407.5683,490.67807,412.65973
438.86005,414.123,494.4639,413.17804
441.8758,413.49622,498.27798,413.7002
454.3096,407.6809,502.12073,414.2262
448.2596,412.04712,505.99246,414.7563
451.63562,411.2481,509.8934,415.29034
464.94397,409.13672,513.82404,415.82843
468.54022,409.6291,517.78455,416.3706
462.52527,408.7072,502.12073,414.2262
455.54816,406.3866,505.99246,414.7563
459.47293,405.56158,509.8934,415.29034
463.51862,404.77167,513.824,415.82843
467.68127,404.0302,517.78455,416.3706
479.4873,411.1277,516.87476,421.95642
483.1901,411.6347,515.96655,427.5324
486.92023,412.14532,515.06006,433.09882
490.67807,412.65973,514.155,438.65546
494.4639,413.17804,513.25165,444.2025
483.1901,411.6347,512.3498,449.73987
486.92023,412.14532,512.3498,449.73987
490.67807,412.65973,511.44946,455.26764
494.4639,413.17804,510.55072,460.78583
498.27798,413.7002,509.6535,466.29456
502.12073,414.2262,508.75787,471.79364
505.99246,414.7563,507.86383,477.2832
509.8934,415.29034,506.9713,482.76343
513.82404,415.82843,505.19086,493.6953
511.6656,415.16693,506.08032,488.23407
502.12073,414.2262,506.9713,482.76337
505.99246,414.7563,507.86383,477.2832
509.8934,415.29034,508.75787,471.79364
513.824,415.82843,509.6535,466.29456
518.4166,416.19165,510.55072,460.78583
518.8815,422.07104,511.44946,455.26764
519.3249,427.93713,509.6535,466.29456
519.7335,433.7857,510.55072,460.78583
520.0939,439.61237,511.44946,455.26764
520.3931,445.4129,512.3498,449.73987
512.3498,449.73987,513.25165,444.2025
512.3498,449.73987,514.155,438.65546
521.72546,457.05457,515.06006,433.09882
521.6683,462.7315,515.96655,427.5324
509.6535,466.29456,516.87476,421.95642
521.21216,473.95966,514.155,438.65546
507.86383,477.2832,515.06006,433.09882
520.2625,485.01007,515.96655,427.5324
518.69006,495.93774,516.87476,421.95642
519.6934,490.4134,517.78455,416.3706
506.9713,482.76337,518.6958,410.7751
521.29,479.31488,519.60876,405.1698
521.88544,473.74207,520.52325,399.5547
509.6535,466.29456,521.4394,393.9297
510.55072,460.78583,522.3571,388.2948
511.44946,455.26764,513.95807,415.69427
509.6535,466.29456,510.10336,415.01288
510.55072,460.78583,506.22006,414.32654
511.44946,455.26764,502.3078,413.63495
512.3498,449.73987,498.36633,412.9383
513.25165,444.2025,494.39523,412.23645
514.155,438.65546,490.3943,411.52924
515.06006,433.09882,486.36304,410.81665
515.96655,427.5324,482.3012,410.09875
516.87476,421.95642,478.2084,409.37524
514.155,438.65546,474.08432,408.64636
515.06006,433.09882,474.08432,408.64636
515.96655,427.5324,469.9286,407.9118
516.87476,421.95642,465.7408,407.17157
523.8079,403.9737,461.52063,406.4256
518.6958,410.7751,457.26767,405.6739
519.60876,405.1698,452.98154,404.91626
520.52325,399.5547,448.66187,404.15277
521.4394,393.9297,458.17624,399.7422
522.3571,388.2948,459.08643,393.79956
513.95807,415.69427,459.99832,387.84595
510.10336,415.01288,460.912,381.88116
506.22006,414.32654,461.8272,375.90552
502.3078,413.63495,462.7442,369.9187
498.36633,412.9383,463.6629,363.92072
494.39523,412.23645,464.58334,357.91156
490.3943,411.52924,462.7442,369.9187
486.36304,410.81665,463.6629,363.92072
482.3012,410.09875,464.58334,357.91156
478.2084,409.37524,465.50546,351.89124
474.08432,408.64636,466.4293,345.85968
474.08432,408.64636,467.35486,339.81696
469.9286,407.9118,468.28217,333.76288
465.7408,407.17157,469.21115,327.6975
461.52063,406.4256,470.14188,321.62073
447.8272,403.95172,467.35486,339.81696
452.98154,404.91626,468.2821,333.76288
448.66187,404.15277,469.21115,327.6975
452.49118,398.48108,470.14188,321.62073
454.79703,392.66077,471.07443,315.53265
457.15265,386.8365,472.00864,309.4331
460.912,381.88116,472.9447,303.32214
461.9515,375.17737,473.88245,297.19977
464.36365,369.34296,474.82196,291.06573
463.6629,363.92072,475.76328,284.92035
464.58334,357.91156,475.3327,316.64844
462.7442,369.9187,479.55774,317.75555
463.6629,363.92072,483.74982,318.85406
464.58334,357.91156,487.9095,319.94403
465.50546,351.89124,492.03693,321.02557
466.4293,345.85968,496.13272,322.09882
467.35486,339.81696,500.197,323.16394
468.28217,333.76288,504.23035,324.2207
469.21115,327.6975,508.23297,325.26965
470.14188,321.62073,512.20526,326.31055
467.35486,339.81696,516.1476,327.3435
468.2821,333.76288,516.1476,327.3435
469.21115,327.6975,520.06024,328.36877
470.14188,321.62073,523.94354,329.3864
478.09866,324.7379,527.798,330.39636
472.00864,309.4331,531.62366,331.39886
472.9447,303.32214,535.42096,332.39386
473.88245,297.19977,539.1903,333.38165
474.82196,291.06573,532.5593,325.65387
475.76328,284.92035,533.49664,319.89868
475.3327,316.64844,534.4356,314.13336
479.55774,317.75555,535.3763,308.3578
483.74982,318.85406,536.3186,302.57196
487.9095,319.94403,537.2626,296.77582
492.03693,321.02557,538.20825,290.96942
496.13272,322.09882,539.1556,285.1526
500.197,323.16394,540.1047,279.32544
504.23035,324.2207,541.0554,273.48798
508.23297,325.26965,542.0079,267.63995
512.20526,326.31055,542.96204,261.78162
516.1476,327.3435,543.91785,255.91266
516.1476,327.3435,544.8754,250.03339
520.06024,328.36877,545.83466,244.14337
523.94354,329.3864,546.79565,238.24298
527.798,330.39636,547.7584,232.33179
522.3699,331.0597,548.7229,226.41016
535.42096,332.39386,549.6891,220.47772
539.1903,333.38165,550.657,214.53479
532.5593,325.65387,554.9037,214.30219
533.49664,319.89868,559.18396,214.06781
534.4356,314.13336,563.4983,213.83154
535.3763,308.3578,567.8471,213.59338
536.3186,302.57196,572.2307,213.35333
537.2626,296.77582,576.6496,213.11133
538.20825,290.96942,581.1043,212.86743
539.1556,285.1526,585.59503,212.62152
540.1047,279.32544,590.1224,212.37354
541.0554,273.48798,594.6868,212.12354
542.0079,267.63995,599.28864,211.87164
542.96204,261.78162,603.92847,211.6175
543.91785,255.91266,608.60675,211.3612
544.8754,250.03339,613.3239,211.10303
545.83466,244.14337,618.0804,210.84253
546.79565,238.24298,622.8769,210.57977
547.7584,232.33179,627.71375,210.31494
548.7229,226.41016,632.59143,210.04785
549.6891,220.47772,637.5106,209.77844
557.63165,203.72388,642.47174,209.50671
