702.8379,302.14954,685.7533,345.3012
703.39667,302.3592,684.9483,349.60565
703.85864,302.56427,684.1444,353.9043
704.21954,302.7627,683.34155,358.19733
704.4758,302.9525,684.9483,349.60565
704.6253,303.13184,684.1444,353.9043
704.66675,303.2989,683.34155,358.19733
704.6,303.4521,682.5399,362.48462
703.6033,307.95105,681.7392,366.76624
702.5046,312.41858,680.9396,371.04218
701.3072,316.85352,680.14105,375.3125
700.01526,321.2555,679.34344,379.57715
698.6339,325.62427,678.54706,383.83612
697.1691,329.9599,680.9396,371.04218
695.6277,334.26306,680.14105,375.3125
694.01685,338.5343,679.34344,379.57715
694.7632,329.90656,678.54706,383.83612
693.0316,334.14343,677.75165,388.08948
691.2565,338.35175,676.9573,392.33728
689.447,342.53333,676.164,396.57947
687.61304,346.6903,675.3717,400.81604
685.7644,350.82513,674.5805,405.04706
684.1444,353.9043,675.3034,387.49927
683.34155,358.19733,672.8415,386.90564
684.9483,349.60565,670.3657,386.30878
684.1444,353.9043,667.87604,385.70844
683.34155,358.19733,665.3724,385.10486
682.5399,362.48462,662.8546,384.49774
681.7392,366.76624,660.3225,383.88727
680.9396,371.04218,657.77606,383.27338
680.14105,375.3125,655.2151,382.65582
679.34344,379.57715,652.6395,382.03485
678.54706,383.83612,662.8546,384.49774
680.9396,371.04218,660.3225,383.88733
680.14105,375.3125,657.77606,383.27332
679.34344,379.57715,655.2151,382.65582
678.54706,383.83612,652.6395,382.03485
674.84686,378.66235,650.04913,381.41034
676.9573,392.33728,647.4439,380.78223
676.164,396.57947,644.8236,380.1504
675.3717,400.81604,642.18823,379.51495
674.5805,405.04706,639.53754,378.87592
675.3034,387.49927,636.87146,378.2331
672.8415,386.90564,636.87146,378.2331
670.3657,386.30878,634.18976,377.5866
659.8441,382.6634,631.49243,376.93622
657.0021,383.09912,628.77924,376.28204
662.8546,384.49774,626.0502,375.62408
660.3225,383.88727,623.30493,374.96222
657.77606,383.27338,623.305,374.96216
655.2151,382.65582,620.54346,374.2964
643.85895,385.39972,617.7656,373.62665
654.283,388.81335,614.97125,372.95288
660.3225,383.88733,612.1602,372.27515
657.77606,383.27332,609.33234,371.59338
647.685,389.77106,606.4875,370.90735
652.6395,382.03485,615.6976,372.5822
650.04913,381.41034,619.25696,372.8911
647.4439,380.78223,622.8386,373.2021
644.8236,380.1504,626.44275,373.5149
642.18823,379.51495,630.0696,373.8297
639.53754,378.87592,633.7193,374.14655
636.87146,378.2331,637.39215,374.46527
636.87146,378.2331,641.0884,374.78613
634.18976,377.5866,633.71936,374.14655
631.49243,376.93622,637.39215,374.46527
628.77924,376.28204,641.0884,374.78613
626.0502,375.62408,644.8081,375.109
623.30493,374.96222,648.55164,375.43402
623.305,374.96216,652.3192,375.76105
620.54346,374.2964,656.111,376.09015
617.7656,373.62665,659.9273,376.42145
614.97125,372.95288,652.3192,375.761
612.1602,372.27515,656.111,376.09015
609.33234,371.59338,659.9273,376.4214
606.4875,370.90735,663.7683,376.75482
615.6976,372.5822,667.63434,377.0904
618.31915,384.50037,671.5255,377.42816
621.16766,384.80518,675.44214,377.76813
626.44275,373.5149,679.3846,378.1103
630.0696,373.8297,683.35284,378.45477
633.7193,374.14655,671.5256,377.42816
637.39215,374.46527,675.44214,377.76813
641.0884,374.78613,679.38446,378.1103
633.71936,374.14655,683.35284,378.45477
637.39215,374.46527,687.3473,378.80145
641.0884,374.78613,691.36835,379.1505
638.1206,381.6499,695.41614,379.50183
648.55164,375.43402,699.49084,379.85553
652.3192,375.76105,703.5929,380.21167
656.111,376.09015,684.5721,378.09534
659.9273,376.42145,681.779,377.38464
652.3192,375.761,678.968,376.6693
656.111,376.09015,676.13885,375.9494
659.9273,376.4214,673.29144,375.22498
663.7683,376.75482,670.42554,374.49573
667.63434,377.0904,667.541,373.76172
671.5255,377.42816,664.6376,373.02295
675.44214,377.76813,661.7151,372.2793
679.3846,378.1103,658.7735,371.53088
683.35284,378.45477,670.42554,374.49573
671.5256,377.42816,667.541,373.76172
675.44214,377.76813,664.6376,373.02295
679.38446,378.1103,661.71515,372.27936
683.35284,378.45477,658.7735,371.53088
679.67346,372.28046,655.8125,370.7774
691.36835,379.1505,652.8318,370.01904
695.41614,379.50183,649.83136,369.2555
699.49084,379.85553,646.811,368.487
703.5929,380.21167,643.7704,367.71332
684.5721,378.09534,640.70935,366.9345
681.779,377.38464,640.7094,366.9345
678.968,376.6693,637.62787,366.15033
665.94336,378.81042,634.5254,365.3609
663.21826,379.28314,631.40204,364.56616
670.42554,374.49573,628.2574,363.76605
667.541,373.76172,625.0913,362.96045
664.6376,373.02295,625.0913,362.9604
661.7151,372.2793,621.9035,362.1493
658.7735,371.53088,618.6939,361.33258
663.1195,384.4732,615.46216,360.51025
667.541,373.76172,612.20807,359.6823
664.6376,373.02295,608.93134,358.8485
656.84644,384.13,605.63184,358.00897
654.8309,383.78375,608.93134,358.8485
655.8125,370.7774,605.63184,358.00903
652.8318,370.01904,602.30927,357.1635
648.88257,381.97803,598.96344,356.31226
646.8992,381.1112,595.59406,355.45483
643.7704,367.71332,592.20087,354.5915
640.70935,366.9345,588.7836,353.72192
640.7094,366.9345,585.34204,352.84625
637.62787,366.15033,592.20087,354.5915
634.5254,365.3609,588.7836,353.722
637.3982,373.9489,585.34204,352.84625
635.09247,372.2198,581.876,351.96436
625.0913,362.96045,578.3851,351.07605
625.0913,362.9604,574.8691,350.1814
621.9035,362.1493,571.3277,349.28027
618.6939,361.33258,567.7606,348.37268
625.3364,363.1134,574.8691,350.18134
612.20807,359.6823,571.3277,349.28033
608.93134,358.8485,567.7606,348.37268
616.1968,356.58002,564.16766,347.45844
619.5031,356.10132,560.5485,346.53754
616.1164,353.93646,556.90295,345.60992
612.6005,351.79797,553.2305,344.6754
598.96344,356.31226,549.531,343.7342
605.18945,347.65472,545.8041,342.78583
592.20087,354.5915,556.90295,345.60986
588.7836,353.72192,553.2305,344.6754
585.34204,352.84625,549.531,343.73407
599.27814,343.0177,545.8041,342.78583
588.7836,353.722,542.04956,341.83044
585.34204,352.84625,538.267,340.86798
586.3104,338.6294,534.4562,339.89832
578.3851,351.07605,530.6167,338.92145
574.8691,350.1814,526.74817,337.937
571.3277,349.28027,537.948,341.568
567.7606,348.37268,533.8778,341.30762
574.8691,350.18134,529.8386,341.04907
571.3277,349.28033,525.83014,340.79254
567.7606,348.37268,521.852,340.53796
564.16766,347.45844,517.90375,340.28534
560.5485,346.53754,513.9852,340.0346
556.90295,345.60992,510.096,339.78564
553.2305,344.6754,506.23578,339.5387
549.531,343.7342,502.40414,339.29352
545.8041,342.78583,517.90375,340.28534
556.90295,345.60986,513.9852,340.0346
553.2305,344.6754,510.096,339.78564
549.531,343.73407,506.23578,339.5387
545.8041,342.78583,502.4042,339.29352
544.6118,327.54517,498.60092,339.0501
538.267,340.86798,494.8257,338.80853
534.4562,339.89832,491.07825,338.56873
530.6167,338.92145,487.35812,338.3307
526.74817,337.937,483.66522,338.0943
537.948,341.568,479.99905,337.8598
533.8778,341.30762,479.99905,337.8598
529.8386,341.04907,476.3594,337.62683
534.2442,332.96484,472.74603,337.39557
530.67926,333.96576,469.15863,337.16608
517.90375,340.28534,465.59692,336.9381
513.9852,340.0346,462.0606,336.71185
510.096,339.78564,466.41046,331.61523
506.23578,339.5387,467.22525,326.28363
502.40414,339.29352,468.04138,320.94324
517.90375,340.28534,468.85895,315.594
513.9852,340.0346,469.67776,310.23608
510.096,339.78564,470.498,304.86926
506.23578,339.5387,471.31955,299.4936
502.4042,339.29352,470.498,304.86926
498.60092,339.0501,471.31955,299.4936
494.8257,338.80853,472.14243,294.10907
491.07825,338.56873,472.96674,288.7157
487.35812,338.3307,473.79233,283.3133
483.66522,338.0943,474.61935,277.90204
479.99905,337.8598,475.44772,272.4818
479.99905,337.8598,476.2775,267.0526
476.3594,337.62683,474.61935,277.90204
472.74603,337.39557,475.44772,272.4818
469.15863,337.16608,476.2775,267.0526
475.92276,339.24048,477.10855,261.61438
462.0606,336.71185,477.9411,256.1671
475.00012,333.86115,478.77496,250.71082
474.81396,328.50214,479.61026,245.24536
474.5526,323.12024,480.44687,239.77087
474.22684,317.7146,478.77496,250.71082
473.84784,312.28467,479.6102,245.24548
473.42734,306.83008,480.44687,239.77087
472.97742,301.3501,481.2849,234.2873
470.8857,306.46918,482.1244,228.79456
470.41382,300.95587,482.9652,223.29266
469.95004,295.4181,483.80753,217.78162
469.50702,289.85596,484.65112,212.26135
469.09705,284.26965,485.49625,206.73181
474.61935,277.90204,478.34402,227.48865
475.44772,272.4818,474.5369,226.17352
476.2775,267.0526,470.70285,224.849
474.61935,277.90204,466.84152,223.51514
475.44772,272.4818,462.9527,222.17169
476.2775,267.0526,459.03592,220.8186
477.10855,261.61438,455.09103,219.45581
477.9411,256.1671,451.11774,218.08319
478.77496,250.71082,447.1156,216.70074
479.61026,245.24536,459.03592,220.8186
480.44687,239.77087,455.09103,219.45581
478.77496,250.71082,451.11774,218.08319
479.6102,245.24548,447.1156,216.70074
480.44687,239.77087,443.08438,215.30817
481.2849,234.2873,439.0238,213.9054
474.352,224.34314,434.9335,212.49231
482.9652,223.29266,430.81314,211.06897
483.80753,217.78162,426.66235,209.63501
484.65112,212.26135,422.48093,208.19049
485.49625,206.73181,439.0238,213.9054
469.06042,229.78162,434.9335,212.49231
465.22202,229.82556,430.81314,211.06897
461.44907,229.83344,426.66235,209.63501
457.74063,229.79187,422.48093,208.19049
454.09503,229.68762,418.2684,206.73529
450.50934,229.50787,414.0245,205.26923
446.9803,229.2403,409.74878,203.79218
443.50333,228.87323,405.441,202.30408
447.1156,216.70074,401.1007,200.80463
452.62326,233.09448,396.72754,199.294
449.3853,232.3999,396.72754,199.294
446.1761,231.57007,392.3212,197.77179
442.9879,230.59833,387.88123,196.23792
439.81238,229.47888,383.40723,194.69238
436.64072,228.20752,378.8989,193.13495
433.4638,226.78125,374.35574,191.56549
430.27216,225.19867,374.35574,191.56549
426.66235,209.63501,369.77744,189.98395
423.80603,221.56519,365.16354,188.39008
441.27484,226.47168,360.5136,186.78375
438.08438,224.34955,355.82727,185.16473
434.83276,222.08838,351.10403,183.53314
431.5107,219.69537,346.3435,181.88861
422.48093,208.19049,355.00677,191.34308
418.2684,206.73529,354.1878,197.50995
414.0245,205.26923,353.37036,203.66534
409.74878,203.79218,352.55444,209.80927
405.441,202.30408,351.74002,215.94183
401.1007,200.80463,350.9271,222.06299
396.72754,199.294,350.1157,228.17285
396.72754,199.294,349.30576,234.27142
392.3212,197.77179,350.9271,222.06299
387.88123,196.23792,350.1157,228.17285
383.40723,194.69238,349.30576,234.27142
378.8989,193.13495,348.49738,240.35876
374.35574,191.56549,347.69046,246.43488
374.35574,191.56549,346.885,252.4997
369.77744,189.98395,346.0811,258.5534
365.16354,188.39008,345.2786,264.596
360.5136,186.78375,346.885,252.4997
354.70648,188.08563,346.0811,258.5534
351.10403,183.53314,345.27863,264.596
346.3435,181.88861,344.47763,270.62744
349.64572,193.20648,343.6781,276.64777
347.50912,198.93524,342.8801,282.65704
345.4391,204.64813,342.08347,288.65533
343.44763,210.35101,341.28836,294.64276
341.546,216.04944,340.49466,300.61896
339.74475,221.7486,342.8801,282.65704
338.05344,227.45361,342.08347,288.65533
336.48087,233.16937,341.28836,294.64276
337.41782,220.67096,340.49466,300.61896
336.10193,226.4292,339.70245,306.5844
334.92453,232.21014,338.91168,312.539
333.88965,238.01709,338.12234,318.48267
332.99988,243.85284,337.33444,324.4154
332.25635,249.71997,336.548,330.33734
346.0811,258.5534,344.36523,307.70862
345.2786,264.596,348.99234,308.82428
346.885,252.4997,353.58438,309.9314
346.0811,258.5534,358.14157,311.0301
345.27863,264.596,362.66437,312.12067
344.47763,270.62744,367.15314,313.20288
343.6781,276.64777,371.60834,314.2771
342.8801,282.65704,376.0302,315.34326
342.08347,288.65533,380.41928,316.40137
341.28836,294.64276,384.77582,317.45178
340.49466,300.61896,367.15314,313.20288
342.8801,282.65704,371.6083,314.2771
342.08347,288.65533,376.0302,315.34326
341.28836,294.64276,380.41928,316.40137
340.49466,300.61896,384.77582,317.45178
333.76004,319.29407,389.1002,318.4944
338.91168,312.539,393.3928,319.52942
338.12234,318.48267,397.65393,320.55676
337.33444,324.4154,401.88394,321.5766
336.548,330.33734,406.0832,322.58905
344.36523,307.70862,410.25204,323.5943
348.99234,308.82428,410.25204,323.59424
353.58438,309.9314,414.39078,324.59216
358.6669,325.2185,418.49973,325.58276
364.07935,325.82635,422.57925,326.5664
367.15314,313.20288,426.6296,327.5429
371.60834,314.2771,430.65115,328.5125
376.0302,315.34326,430.65115,328.5125
380.41928,316.40137,434.64417,329.47528
390.30707,326.91724,438.609,330.4312
373.34656,321.6385,442.54587,331.38043
371.6083,314.2771,446.45508,332.32294
376.0302,315.34326,450.337,333.2589
388.30743,320.904,454.19186,334.1883
393.0794,320.55414,450.337,333.2588
389.1002,318.4944,454.19186,334.18835
393.3928,319.52942,458.01996,335.11127
406.69162,319.38947,461.82156,336.02783
410.98636,319.01105,465.59692,336.9381
406.0832,322.58905,469.34634,337.8421
410.25204,323.5943,473.0701,338.73987
410.25204,323.59424,476.76843,339.6316
414.39078,324.59216,469.34634,337.8421
418.49973,325.58276,473.0701,338.74
430.1694,316.77063,476.76843,339.6316
433.6771,316.8548,480.44156,340.5172
430.65115,328.5125,484.08984,341.39685
430.65115,328.5125,487.71353,342.27057
434.64417,329.47528,491.3127,343.1383
438.609,330.4312,494.88773,344.00024
445.94757,317.99597,487.71353,342.27045
446.45508,332.32294,491.3127,343.1383
450.337,333.2589,494.88773,344.00024
454.94315,320.79535,498.43887,344.85638
450.17953,320.03552,501.9664,345.7069
453.12875,321.35754,505.47043,346.55176
456.06265,322.79547,508.95126,347.391
461.82156,336.02783,512.40906,348.22473
461.9213,325.99347,515.84424,349.05298
469.34634,337.8421,505.47043,346.55176
473.0701,338.73987,508.95126,347.39105
476.76843,339.6316,512.40906,348.22467
462.74973,330.71564,515.84424,349.05298
473.0701,338.74,519.2568,349.87573
476.76843,339.6316,522.64703,350.69318
472.31598,337.00275,526.0152,351.5052
484.08984,341.39685,529.3615,352.312
487.71353,342.27057,532.68616,353.1136
482.3808,343.45752,522.64703,350.6931
485.86185,345.58923,526.0152,351.5052
478.68784,345.15668,529.3615,352.312
491.3127,343.1383,532.68616,353.1136
486.11996,349.28064,535.9894,353.90997
498.43887,344.85638,539.2713,354.70135
493.8046,353.14612,542.5323,355.48755
497.73547,354.9568,545.77234,356.26874
501.7206,356.67407,548.9918,357.04492
512.40906,348.22473,552.1908,357.81628
509.83435,359.79767,539.27136,354.70135
505.47043,346.55176,542.5323,355.48755
508.95126,347.39105,545.77234,356.26874
508.6672,360.5064,548.9918,357.04492
512.9457,361.5523,552.1908,357.81628
517.23193,362.469,555.3696,358.58264
521.5176,363.25592,558.5283,359.34424
525.79395,363.91394,561.6671,360.101
529.3615,352.312,564.78625,360.8531
534.2832,364.85297,567.886,361.6004
522.64703,350.6931,570.9663,362.34314
526.0152,351.5052,570.9663,362.34314
529.3615,352.312,574.02747,363.08118
537.6753,362.3012,577.06976,363.8147
541.7242,362.18518,580.09326,364.5437
539.2713,354.70135,583.09814,365.2682
542.5323,355.48755,586.08453,365.98822
545.77234,356.26874,586.0846,365.98822
548.9918,357.04492,589.05273,366.7038
560.66675,360.58575,592.0028,367.4151
548.06757,356.25372,594.935,368.122
542.5323,355.48755,597.84937,368.8247
545.77234,356.26874,600.7461,369.52313
558.18317,354.90717,603.6254,370.21735
561.3291,354.49054,600.74615,369.52313
555.3696,358.58264,603.6254,370.21735
558.5283,359.34424,606.4875,370.90735
570.10065,353.50226,609.33234,371.59332
572.8114,353.2956,612.1602,372.27515
567.886,361.6004,614.97125,372.95294
570.9663,362.34314,617.7656,373.62665
570.9663,362.34314,620.54346,374.2964
574.02747,363.08118,615.6976,372.5822
577.06976,363.8147,619.25696,372.8911
580.09326,364.5437,622.8386,373.2021
583.09814,365.2682,626.44275,373.5149
586.08453,365.98822,630.0696,373.8297
586.0846,365.98822,633.7193,374.14655
589.05273,366.7038,637.39215,374.46527
592.0028,367.4151,641.0884,374.78613
594.935,368.122,633.71936,374.14655
597.84937,368.8247,637.39215,374.46527
600.7461,369.52313,641.0884,374.78613
603.6254,370.21735,644.8081,375.109
600.74615,369.52313,648.55164,375.43402
603.6254,370.21735,652.3192,375.76105
606.4875,370.90735,656.111,376.09015
609.33234,371.59332,659.9273,376.42145
612.1602,372.27515,663.7684,376.75482
614.97125,372.95294,652.3192,375.761
617.7656,373.62665,656.111,376.09015
620.54346,374.2964,659.9273,376.4214
615.6976,372.5822,663.7683,376.75482
619.25696,372.8911,667.63434,377.0904
622.8386,373.2021,671.5255,377.42816
630.42554,362.89636,675.44214,377.76813
630.0696,373.8297,679.3846,378.1103
633.7193,374.14655,683.35284,378.45477
637.39215,374.46527,671.5256,377.42816
641.0884,374.78613,675.44214,377.76813
633.71936,374.14655,679.38446,378.1103
637.39215,374.46527,683.35284,378.45477
648.07007,369.79944,687.3473,378.80145
644.8081,375.109,691.36835,379.1505
655.7959,372.65167,695.41614,379.50183
652.3192,375.76105,699.49084,379.85553
656.111,376.09015,703.5929,380.21167
659.9273,376.42145,707.72253,380.57007
663.7684,376.75482,688.266,373.92126
652.3192,375.761,689.18585,369.03357
656.111,376.09015,690.1073,364.13843
659.9273,376.4214,691.0301,359.2359
663.7683,376.75482,691.9542,354.326
667.63434,377.0904,692.8798,349.40857
671.5255,377.42816,693.80676,344.48364
675.44214,377.76813,694.73517,339.5512
679.3846,378.1103,695.66504,334.61127
683.35284,378.45477,696.5962,329.66388
671.5256,377.42816,697.5288,324.70886
675.44214,377.76813,697.5289,324.70892
679.38446,378.1103,698.463,319.74634
683.35284,378.45477,699.39844,314.77618
695.6556,380.661,700.3354,309.79846
691.36835,379.1505,701.27374,304.81305
695.41614,379.50183,702.2135,299.82007
699.49084,379.85553,702.21356,299.82007
703.5929,380.21167,703.15485,294.8194
707.72253,380.57007,704.0975,289.81104
688.266,373.92126,705.0416,284.7951
689.8559,370.1817,705.9872,279.77136
689.56085,365.17517,706.93427,274.73987
689.27094,360.1527,707.88275,269.70074
691.9542,354.326,708.72705,280.80273
692.8798,349.40857,711.4494,281.8275
693.80676,344.48364,714.1542,282.84576
694.73517,339.5512,716.8418,283.85742
695.66504,334.61127,719.5124,284.86273
696.5962,329.66388,722.1659,285.8617
697.5288,324.70886,724.80273,286.85425
697.5289,324.70892,727.4229,287.8405
698.463,319.74634,722.1659,285.8617
699.39844,314.77618,724.80273,286.85425
700.3354,309.79846,727.4229,287.84058
701.27374,304.81305,730.0267,288.82068
702.2135,299.82007,732.6142,289.79474
702.21356,299.82007,735.1854,290.76263
703.15485,294.8194,737.7407,291.7246
704.0975,289.81104,740.28015,292.68048
705.0416,284.7951,742.8039,293.63055
698.7986,272.7273,740.2803,292.68048
706.93427,274.73987,737.7407,291.7246
707.88275,269.70074,735.1854,290.76263
699.60706,277.13342,732.6142,289.79474
701.86694,279.36346,730.0267,288.82068
704.2056,281.60205,727.4229,287.8405
716.8418,283.85742,724.80273,286.85425
719.5124,284.86273,722.1659,285.8617
711.7242,288.25323,730.0267,288.82068
714.40283,290.4104,727.4229,287.84058
727.4229,287.8405,724.80273,286.85425
712.12604,291.68842,722.1659,285.8617
715.1087,293.6969,719.5124,284.86273
718.1705,295.62634,716.8418,283.85742
721.30707,297.46826,714.1542,282.84576
732.6142,289.79474,711.4493,281.8275
735.1854,290.76263,708.72705,280.80273
731.1096,302.3949,716.8418,283.85748
740.28015,292.68048,714.1542,282.84576
737.90314,305.12274,711.4494,281.8275
736.3125,304.49194,708.72705,280.80273
734.74915,303.73822,705.9872,279.77136
733.20355,302.8584,703.2296,278.73328
731.6658,301.85052,700.454,277.68848
730.0267,288.82068,697.6603,276.63672
727.4229,287.8405,694.8483,275.57825
724.80273,286.85425,692.0179,274.5127
722.1659,285.8617,701.8692,279.7503
730.0267,288.82068,697.7786,279.7295
727.4229,287.84058,693.7152,279.70874
724.80273,286.85425,689.6788,279.68817
722.1659,285.8617,685.6689,279.66772
719.5124,284.86273,681.6854,279.6474
716.8418,283.85742,677.72797,279.6272
714.1542,282.84576,673.79645,279.60718
711.4493,281.8275,669.8905,279.58734
708.72705,280.80273,666.0099,279.56744
716.8418,283.85748,662.1544,279.54785
714.1542,282.84576,662.1545,279.54785
711.4494,281.8275,658.3238,279.52832
708.72705,280.80273,654.5178,279.5089
701.32654,290.60944,650.7362,279.48962
703.2296,278.73328,646.97876,279.47046
700.454,277.68848,643.2452,279.45142
697.6603,276.63672,643.24524,279.45142
694.8483,275.57825,639.53534,279.43243
692.0179,274.5127,635.849,279.4137
701.8692,279.7503,632.18585,279.39508
690.57654,283.56946,628.5458,279.37646
693.7152,279.70874,631.3477,280.34442
689.6788,279.68817,634.1328,281.30652
685.6689,279.66772,636.9011,282.26288
681.6854,279.6474,639.65295,283.2135
677.72797,279.6272,642.38837,284.15845
673.79645,279.60718,645.1074,285.09778
669.8905,279.58734,645.1074,285.09778
666.0099,279.56744,647.8104,286.0315
662.1544,279.54785,650.49744,286.95972
662.1545,279.54785,653.16864,287.8825
658.3238,279.52832,655.8241,288.79987
654.5178,279.5089,658.464,289.71185
650.7362,279.48962,661.08844,290.6184
646.97876,279.47046,658.464,289.71185
643.2452,279.45142,661.08844,290.6184
643.24524,279.45142,663.6976,291.51978
639.53534,279.43243,666.2916,292.41595
635.849,279.4137,668.8706,293.30682
632.18585,279.39508,671.4347,294.19263
619.731,278.42133,673.9841,295.0733
622.3089,280.5489,671.43475,294.19263
624.9599,282.6612,673.9841,295.0733
627.6853,284.747,676.5188,295.9489
630.48566,286.79596,679.03894,296.81952
633.3604,288.79767,681.5447,297.68512
636.3084,290.7423,684.0362,298.5459
636.61896,291.71307,686.5136,299.40167
639.72205,293.5238,688.97687,300.25262
642.8892,295.25128,684.0362,298.5459
646.11615,296.88794,686.5136,299.40167
649.3972,298.42743,688.97687,300.25262
652.72644,299.86426,691.42633,301.09875
656.0973,301.1936,693.86194,301.9402
654.26294,300.6742,696.284,302.77692
657.72626,301.78937,698.6924,303.6089
661.20795,302.7885,701.0873,304.43622
666.2916,292.41595,703.469,305.25897
668.8706,293.30682,697.4366,302.02362
671.4347,294.19263,701.0322,302.10742
673.9841,295.0733,704.649,302.19183
671.43475,294.19263,708.2872,302.27667
673.9841,295.0733,711.94696,302.36206
676.5188,295.9489,715.6285,302.44788
679.03894,296.81952,719.332,302.5343
681.5447,297.68512,723.0577,302.62122
684.0362,298.5459,726.8056,302.70862
686.5136,299.40167,715.6285,302.44788
688.97687,300.25262,719.332,302.5343
684.0362,298.5459,723.0577,302.62122
686.5136,299.40167,726.8056,302.70862
688.97687,300.25262,730.57623,302.7965
691.42633,301.09875,734.3696,302.88507
691.34216,312.63715,738.18585,302.97406
696.284,302.77692,742.0254,303.0636
698.6924,303.6089,745.8883,303.1537
701.0873,304.43622,749.77484,303.24432
703.469,305.25897,734.3696,302.88507
692.3815,310.04138,738.18585,302.97406
695.5992,309.33478,742.0254,303.0636
698.89484,308.55035,745.8883,303.1537
702.2722,307.6963,749.77484,303.24432
705.73413,306.7815,753.6852,303.3355
709.28326,305.8158,757.61957,303.42737
712.921,304.8094,761.57825,303.51965
716.64856,303.77295,765.56134,303.61255
726.8056,302.70862,769.5692,303.70605
715.6285,302.44788,768.6492,308.33752
719.332,302.5343,767.7303,312.96246
723.0577,302.62122,766.81274,317.58087
726.8056,302.70862,765.8966,322.1927
730.57623,302.7965,764.9817,326.7979
734.3696,302.88507,764.068,331.39673
738.18585,302.97406,764.068,331.39673
742.0254,303.0636,763.15576,335.989
745.8883,303.1537,762.24475,340.57477
749.77484,303.24432,761.33496,345.15405
734.3696,302.88507,760.4265,349.72687
738.18585,302.97406,759.5193,354.29327
742.0254,303.0636,758.61334,358.85327
745.8883,303.1537,759.5193,354.29327
749.77484,303.24432,758.61334,358.85327
753.6852,303.3355,757.7088,363.40668
757.61957,303.42737,756.8054,367.9538
761.57825,303.51965,755.9034,372.49463
765.56134,303.61255,755.00244,377.02887
766.20154,301.59058,754.10297,381.5569
766.41394,306.35382,755.00244,377.02887
766.6486,311.13483,754.10297,381.5569
766.8941,315.9311,753.2047,386.07843
767.1386,320.73993,752.3077,390.59375
767.3703,325.55817,751.41187,395.10266
767.57745,330.38275,750.5174,399.6053
768.67444,330.56818,749.6241,404.10162
763.15576,335.989,748.73206,408.59167
768.8656,340.23425,750.5174,399.6053
768.8657,345.05884,749.6241,404.10162
768.78986,349.87305,748.7321,408.59167
768.63007,354.67358,747.8414,413.07544
768.37897,359.4574,746.9518,417.55292
769.86865,355.04333,746.06354,422.02423
769.41394,359.80573,745.17645,426.4892
757.7088,363.40668,744.29065,430.94794
768.1805,369.25476,743.40607,435.40057
767.39703,373.93707,746.06354,422.02423
766.5013,378.58893,745.17645,426.4892
765.4937,383.20892,744.2907,430.948
766.19006,378.74567,743.40607,435.40057
764.95966,383.32214,742.5227,439.84692
763.6254,387.86487,741.6407,444.2871
762.1922,392.37396,740.7597,448.72113
751.41187,395.10266,739.88007,453.14905
759.05194,401.2934,739.0016,457.57074
757.3589,405.7055,741.6407,444.2871
748.73206,408.59167,740.7597,448.72113
756.43646,401.0728,739.88007,453.14905
754.5484,405.42877,739.0016,457.57074
752.6168,409.75958,738.1244,461.98633
750.6516,414.0677,737.2484,466.3958
748.66345,418.3556,736.37366,470.79913
746.06354,422.02423,735.5,475.19647
744.66016,426.88214,734.6276,479.58765
744.29065,430.94794,733.7565,483.97272
743.40607,435.40057,734.3085,461.4173
746.06354,422.02423,730.51544,460.85162
745.17645,426.4892,726.74524,460.28937
744.2907,430.948,722.9976,459.73053
743.40607,435.40057,719.27234,459.175
742.5227,439.84692,715.56915,458.62286
741.6407,444.2871,711.888,458.07385
740.7597,448.72113,708.2286,457.52814
739.88007,453.14905,704.59064,456.98572
739.0016,457.57074,700.9742,456.4464
741.6407,444.2871,697.37897,455.91022
740.7597,448.72113,693.80475,455.3772
739.88007,453.14905,690.2513,454.8473
739.0016,457.57074,686.71844,454.3205
734.5491,454.65198,683.2062,453.7967
737.2484,466.3958,679.7142,453.27594
736.37366,470.79913,679.7142,453.27594
735.5,475.19647,676.2422,452.75824
734.6276,479.58765,672.7903,452.24347
733.7565,483.97272,669.35803,451.73163
734.3413,450.6797,665.9454,451.22272
731.1706,449.9289,662.55225,450.71667
728.01654,449.29285,659.17834,450.21356
722.9976,459.73053,666.7253,447.05243
719.27234,459.175,667.50616,442.87665
715.56915,458.62286,668.2881,438.69537
711.888,458.07385,669.07104,434.5086
708.2286,457.52814,669.855,430.3164
704.59064,456.98572,670.64,426.1186
700.9742,456.4464,671.426,421.91534
697.37897,455.91022,670.64,426.1186
693.80475,455.3772,671.426,421.91534
690.2513,454.8473,672.2131,417.7066
686.71844,454.3205,673.0012,413.49237
683.2062,453.7967,673.79034,409.27246
679.7142,453.27594,674.5805,405.04706
679.7142,453.27594,675.3717,400.81604
676.2422,452.75824,676.164,396.57947
672.7903,452.24347,674.5805,405.04706
669.35803,451.73163,675.3717,400.81604
675.00085,452.58252,676.164,396.57947
662.55225,450.71667,676.9573,392.33728
659.17834,450.21356,677.75165,388.08948
676.961,448.60284,678.54706,383.83612
677.93866,444.4569,679.34344,379.57715
678.8112,440.29755,680.14105,375.3125
679.5779,436.12476,680.9396,371.04218
680.23895,431.9386,678.54706,383.83612
680.7957,427.739,679.34344,379.57715
681.2509,423.526,680.14105,375.3125
680.02673,427.68652,680.9396,371.04218
680.29,423.45,681.7392,366.76624
680.46484,419.2005,682.5399,362.48462
680.5576,414.93805,683.34155,358.19733
680.5752,410.66266,684.1444,353.9043
680.52545,406.3744,684.9483,349.60565
680.4166,402.0735,682.5399,362.48462
680.2579,397.7599,683.34155,358.19733
677.6965,406.03027,684.1444,353.9043
677.4662,401.703,684.9483,349.60565
677.21497,397.3645,685.7533,345.3012
676.9533,393.01508,686.55927,340.9911
676.69135,388.6548,687.3664,336.67517
676.43964,384.284,688.1745,332.35358
676.2085,379.90308,688.98376,328.02625
676.0079,375.51215,689.7941,323.693
675.848,371.11157,686.55927,340.9911
672.59076,383.6167,687.3664,336.67517
672.5369,379.22858,688.1745,332.35358
672.5505,374.83386,688.98376,328.02625
672.6393,370.4331,689.7941,323.693
672.81085,366.02692,690.6055,319.35413
673.07153,361.6159,691.418,315.00934
673.4271,357.20074,692.23157,310.65875
673.88257,352.78223,693.0462,306.30243
674.4416,348.36102,693.86194,301.9402
682.5399,362.48462,697.4366,302.02362
683.34155,358.19733,701.0322,302.10742
684.1444,353.9043,704.649,302.19183
684.9483,349.60565,708.2872,302.27667
685.7533,345.3012,711.94696,302.36206
686.55927,340.9911,715.6285,302.44788
687.3664,336.67517,715.6285,302.44788
688.1745,332.35358,719.332,302.5343
688.98376,328.02625,723.0577,302.62122
689.7941,323.693,726.8056,302.70862
686.55927,340.9911,730.57623,302.7965
687.3664,336.67517,734.3696,302.88507
688.1745,332.35358,738.18585,302.97406
688.98376,328.02625,734.3696,302.88507
689.7941,323.693,738.18585,302.97406
690.6055,319.35413,742.0254,303.0636
691.418,315.00934,745.8883,303.1537
692.23157,310.65875,749.77484,303.24432
693.0462,306.30243,753.6852,303.3355
699.7994,296.5548,757.61957,303.42737
703.574,297.61932,753.6852,303.3355
707.3055,298.73273,757.61957,303.42737
710.9928,299.88525,761.57825,303.51965
714.63544,301.06653,765.56134,303.61255
718.2336,302.26605,769.5692,303.70605
721.78827,303.47272,773.60205,303.8001
721.60626,304.58374,777.66003,303.89478
725.0586,305.7685,781.7435,303.99
723.0577,302.62122,768.6492,308.33752
726.8056,302.70862,767.7303,312.96246
730.57623,302.7965,766.81274,317.58087
734.3696,302.88507,765.8966,322.1927
738.18585,302.97406,764.9817,326.7979
734.3696,302.88507,764.068,331.39673
738.18585,302.97406,763.15576,335.989
742.0254,303.0636,762.24475,340.57477
745.8883,303.1537,761.33496,345.15405
749.77484,303.24432,764.068,331.39673
753.6852,303.3355,763.15576,335.989
757.61957,303.42737,762.24475,340.57477
753.6852,303.3355,761.33496,345.15405
757.61957,303.42737,760.4265,349.72687
761.57825,303.51965,759.5193,354.29327
765.56134,303.61255,758.61334,358.85327
769.5692,303.70605,757.7087,363.40668
773.60205,303.8001,756.8054,367.95386
777.66003,303.89478,759.5193,354.29327
781.7435,303.99,758.61334,358.85327
767.4929,309.9203,757.7088,363.40668
765.4479,314.33856,756.8054,367.9538
763.4287,318.73633,755.9034,372.49463
761.44574,323.11676,755.00244,377.02887
759.5089,327.48315,754.10297,381.5569
764.068,331.39673,753.20465,386.07843
755.81195,336.18665,752.3077,390.59375
762.24475,340.57477,751.4119,395.10266
752.4089,344.87323,755.00244,377.02887
754.42255,331.03223,754.10297,381.5569
752.94147,335.39355,753.2047,386.07843
751.5615,339.76147,752.3077,390.59375
750.2871,344.13885,751.41187,395.10266
749.12213,348.5282,750.5174,399.6053
748.06903,352.93158,749.6241,404.10162
747.1292,357.3512,748.7321,408.59167
757.7087,363.40668,747.8414,413.07544
745.5908,366.24548,746.9518,417.55292
748.577,352.50525,746.06354,422.02423
748.08453,357.00946,745.17645,426.4892
747.6971,361.53516,744.2907,430.948
747.40985,366.0827,743.40607,435.40057
747.21655,370.6516,742.5227,439.84692
747.11035,375.2414,741.6407,444.2871
747.0835,379.851,741.6407,444.2871
753.20465,386.07843,740.7597,448.72113
747.23224,389.12378,739.88007,453.14905
751.4119,395.10266,739.0016,457.57074
752.10156,375.66364,738.1244,461.98633
752.32733,380.36737,737.2484,466.3958
752.57086,385.08038,736.37366,470.79913
752.3077,390.59375,734.3085,461.4173
751.41187,395.10266,730.51544,460.85162
750.5174,399.6053,726.74524,460.28937
749.6241,404.10162,722.9976,459.73053
748.7321,408.59167,719.27234,459.175
747.8414,413.07544,715.56915,458.62286
746.9518,417.55292,711.888,458.07385
746.06354,422.02423,704.59064,456.98572
745.17645,426.4892,708.2286,457.52814
744.2907,430.948,711.888,458.07385
743.40607,435.40057,715.56915,458.62286
742.5227,439.84692,719.27234,459.175
741.6407,444.2871,722.9976,459.73053
741.6407,444.2871,726.74524,460.28937
740.7597,448.72113,730.51544,460.85175
739.88007,453.14905,722.9976,459.73053
739.0016,457.57074,726.74524,460.28937
741.15497,469.95337,730.51544,460.85162
737.2484,466.3958,734.3085,461.4173
746.90045,472.45032,738.1244,461.98633
735.5836,471.25806,741.9636,462.55884
731.18146,471.10858,745.8261,463.13483
726.74524,460.28937,749.71216,463.71436
722.9976,459.73053,753.6222,464.29736
719.27234,459.175,735.7297,461.58258
715.56915,458.62286,733.3208,461.1764
711.888,458.07385,730.89777,460.76782
704.59064,456.98572,728.4605,460.35693
708.2286,457.52814,726.00867,459.94348
711.888,458.07385,723.5424,459.52765
715.56915,458.62286,721.06134,459.10938
719.27234,459.175,718.56555,458.6886
722.9976,459.73053,716.0548,458.2652
726.74524,460.28937,723.5424,459.52765
730.51544,460.85175,721.06134,459.10938
722.9976,459.73053,718.5656,458.68848
726.74524,460.28937,716.0548,458.2652
730.51544,460.85162,713.52893,457.8393
734.3085,461.4173,710.98785,457.41083
742.39233,451.50848,708.4314,456.9798
741.9636,462.55884,705.85944,456.54614
745.8261,463.13483,703.27185,456.10986
749.71216,463.71436,700.66846,455.6709
753.6222,464.29736,710.98785,457.41083
735.2205,450.55396,708.4314,456.9798
731.83453,450.34497,705.8594,456.54614
728.4488,450.2434,703.27185,456.10986
725.0727,450.24652,700.6684,455.6709
721.7155,450.3507,698.0492,455.2293
718.38605,450.5511,695.41376,454.7849
715.0927,450.84192,692.7621,454.3379
718.56555,458.6886,690.0941,453.888
716.0548,458.2652,687.40955,453.43536
715.54987,453.93024,684.70844,452.97992
712.5358,454.50537,681.9903,452.5216
709.59094,455.12946,679.2552,452.06042
706.7198,455.7921,676.503,451.59644
703.9259,456.48303,673.73346,451.12946
701.2116,457.19122,670.9464,450.65955
708.4314,456.9798,672.83673,455.89362
705.85944,456.54614,671.94135,460.65076
703.27185,456.10986,671.0473,465.40076
700.66846,455.6709,670.15454,470.14362
710.98785,457.41083,669.2631,474.8794
708.4314,456.9798,668.37305,479.60815
705.8594,456.54614,667.4843,484.3299
703.27185,456.10986,668.3731,479.60815
700.6684,455.6709,667.4843,484.3299
698.0492,455.2293,666.5969,489.04462
695.41376,454.7849,665.7108,493.75232
692.7621,454.3379,664.82605,498.453
690.0941,453.888,663.94257,503.1468
687.40955,453.43536,663.06036,507.83356
684.70844,452.97992,663.94257,503.1468
681.9903,452.5216,663.06036,507.83356
679.2552,452.06042,662.1795,512.51337
676.503,451.59644,661.3,517.1863
685.5932,452.94598,660.4217,521.85223
670.9464,450.65955,659.5448,526.51135
672.83673,455.89362,658.6691,531.1635
671.94135,460.65076,657.7947,535.8089
671.0473,465.40076,659.5448,526.51135
681.5128,471.9109,658.6691,531.1635
680.1769,476.55432,657.79474,535.8089
678.73724,481.16406,656.9217,540.4474
677.19977,485.7417,656.04987,545.07904
668.3731,479.60815,655.1794,549.70386
675.63324,485.4505,654.3102,554.32184
666.5969,489.04462,653.4422,558.9331
665.7108,493.75232,652.57556,563.53754
664.82605,498.453,655.17944,549.70386
668.105,503.38733,654.3102,554.32184
666.1073,507.8286,653.4422,558.9331
663.94257,503.1468,652.57556,563.53754
663.7895,507.43018,651.7101,568.1352
661.7441,511.86493,650.846,572.72614
659.7067,516.2982,649.9832,577.31036
660.4217,521.85223,649.1216,581.8879
659.5448,526.51135,648.2613,586.4586
658.6691,531.1635,650.84607,572.72614
657.7947,535.8089,649.9832,577.31036
659.5448,526.51135,649.1216,581.8879
650.8227,529.25745,648.2612,586.4586
649.12744,533.77795,647.40216,591.0227
647.5181,538.3182,646.5443,595.58014
646.00195,542.87976,645.6878,600.1309
655.1794,549.70386,644.8325,604.67505
654.3102,554.32184,643.97845,609.2125
653.4422,558.9331,643.1256,613.7434
640.9796,561.3627,646.5444,595.58014
655.17944,549.70386,645.6878,600.1309
642.56964,552.3638,644.8325,604.67505
641.82526,557.1002,643.97845,609.2125
641.1964,561.8587,643.1256,613.7434
651.7101,568.1352,642.27405,618.26764
640.27563,571.4347,641.4237,622.78534
639.976,576.24805,640.5745,627.2964
649.1216,581.8879,639.7267,631.801
648.2613,586.4586,638.88007,636.299
643.09735,572.32916,638.0347,640.7905
643.15656,577.1905,637.1905,645.27545
643.2845,582.05347,636.3475,649.75397
643.47125,586.91437,635.5058,654.2259
643.70636,591.7695,634.66534,658.6914
643.9785,596.615,633.826,663.15045
645.6878,600.1309,633.826,663.15045
644.8325,604.67505,632.9879,667.6031
643.97845,609.2125,632.151,672.0492
643.1256,613.7434,631.31537,676.48895
646.5444,595.58014,630.4809,680.92236
650.0663,602.37946,629.6476,685.3493
650.26843,607.095,628.81555,689.7699
643.97845,609.2125,629.64764,685.34937
650.49695,616.41974,628.81555,689.7699
642.27405,618.26764,627.9847,694.1842
650.4285,625.5892,627.155,698.592
650.2623,630.11206,626.3266,702.9935
649.99945,634.59283,625.49927,707.38873
649.63416,639.03107,624.67316,711.7777
649.16223,643.4271,625.49927,707.3888
648.58044,647.7816,624.67316,711.7777
647.8866,652.09564,623.8482,716.1603
647.0799,656.37085,623.02454,720.5366
646.16034,660.60925,622.202,724.90674
645.1296,664.81305,621.38055,729.27057
633.826,663.15045,620.56036,733.6282
632.9879,667.6031,619.74133,737.9795
632.151,672.0492,625.00757,724.53174
631.31537,676.48895,627.79645,724.15894
630.4809,680.92236,630.5687,723.7884
629.6476,685.3493,633.3244,723.42004
628.81555,689.7699,636.0638,723.0539
629.64764,685.34937,638.7869,722.6899
628.81555,689.7699,641.49396,722.328
627.9847,694.1842,644.1851,721.96826
627.155,698.592,646.86053,721.6107
626.3266,702.9935,638.78687,722.68994
625.49927,707.38873,641.49396,722.328
624.67316,711.7777,644.1851,721.96826
625.49927,707.3888,646.86053,721.6107
624.67316,711.7777,649.52026,721.2552
623.8482,716.1603,652.1645,720.90173
623.02454,720.5366,654.79333,720.55035
622.202,724.90674,657.407,720.201
621.38055,729.27057,660.0055,719.85364
620.56036,733.6282,652.1645,720.9018
619.74133,737.9795,654.79333,720.55035
625.00757,724.53174,657.407,720.201
628.8481,712.9752,660.00555,719.85364
630.70215,712.4755,662.589,719.5083
632.54083,712.09216,665.1578,719.165
634.37366,711.82434,667.71173,718.8236
638.7869,722.6899,670.2511,718.48413
641.49396,722.328,672.77606,718.14667
644.1851,721.96826,675.2866,717.81116
646.86053,721.6107,665.1577,719.16504
638.78687,722.68994,667.71173,718.8236
635.04785,713.782,670.2511,718.48413
637.1359,714.2124,672.77606,718.14667
639.2796,714.7167,675.28656,717.81104
649.52026,721.2552,677.78296,717.4775
643.7533,715.9102,680.26526,717.1456
646.09155,716.5801,682.7335,716.8157
657.407,720.201,685.1879,716.4876
660.0055,719.85364,687.6286,716.1614
652.1645,720.9018,686.82117,720.22577
654.79333,720.55035,686.0148,724.28467
657.407,720.201,685.2095,728.33813
660.00555,719.85364,684.4052,732.3862
662.589,719.5083,683.60205,736.429
665.1578,719.165,682.80005,740.46643
667.71173,718.8236,682.80005,740.46643
670.2511,718.48413,681.999,744.4985
672.77606,718.14667,681.19904,748.52515
675.2866,717.81116,680.4,752.5465
665.1577,719.16504,679.60223,756.5626
667.71173,718.8236,678.8055,760.57336
670.2511,718.48413,678.00977,764.5788
672.77606,718.14667,678.8055,760.57336
675.28656,717.81104,678.00977,764.5788
677.78296,717.4775,677.21497,768.579
680.26526,717.1456,676.4214,772.57385
682.7335,716.8157,675.6288,776.5635
685.1879,716.4876,674.8372,780.5478
698.36206,718.4387,674.04663,784.52686
686.82117,720.22577,673.17896,777.05444
686.0148,724.28467,670.71545,777.5481
685.2095,728.33813,668.23816,778.04456
684.4052,732.3862,665.74695,778.5438
683.60205,736.429,663.2418,779.0459
682.80005,740.46643,660.7225,779.5507
682.80005,740.46643,658.1889,780.0585
681.999,744.4985,655.6411,780.5691
681.19904,748.52515,660.7225,779.5507
680.4,752.5465,658.18896,780.0585
679.60223,756.5626,655.6411,780.5691
678.8055,760.57336,653.0786,781.0826
678.00977,764.5788,650.50165,781.59906
678.8055,760.57336,647.90985,782.1184
678.00977,764.5788,645.3032,782.64087
677.21497,768.579,642.6816,783.1662
676.4214,772.57385,640.0448,783.6946
675.6288,776.5635,653.9946,783.1077
674.8372,780.5478,657.5084,784.62537
674.04663,784.52686,661.04315,786.1521
673.17896,777.05444,664.5991,787.688
670.71545,777.5481,668.17645,789.2331
668.23816,778.04456,671.7753,790.78754
665.74695,778.5438,675.39594,792.3513
663.2418,779.0459,679.0386,793.9247
660.7225,779.5507,682.7033,795.5075
658.1889,780.0585,671.7753,790.78754
655.6411,780.5691,675.396,792.3513
660.7225,779.5507,679.0386,793.9247
658.18896,780.0585,682.7033,795.5075
655.6411,780.5691,686.3904,797.1
653.0786,781.0826,690.1001,798.7023
650.50165,781.59906,693.8325,800.31445
647.90985,782.1184,697.5881,801.9364
645.3032,782.64087,701.36664,803.5685
642.6816,783.1662,705.1687,805.2107
640.0448,783.6946,690.1002,798.7023
653.9946,783.1077,693.8325,800.31445
657.91425,774.916,697.58795,801.9364
662.13477,776.0948,701.36664,803.5685
666.364,777.38,705.1687,805.2107
668.17645,789.2331,708.99445,806.86304
674.82074,780.2804,712.84393,808.52576
675.39594,792.3513,716.7175,810.19885
679.0386,793.9247,720.6155,811.88245
682.7033,795.5075,724.5379,813.57654
671.7753,790.78754,727.05286,812.931
675.396,792.3513,729.5527,812.2895
679.0386,793.9247,732.0374,811.6517
682.7033,795.5075,734.5073,811.0178
686.3904,797.1,736.96246,810.3876
690.1001,798.7023,739.40295,809.7612
693.8325,800.31445,739.40295,809.7612
697.5881,801.9364,741.82904,809.13855
701.36664,803.5685,744.24066,808.5196
705.1687,805.2107,746.6382,807.90424
690.1002,798.7023,749.0215,807.29254
693.8325,800.31445,751.3908,806.68445
697.58795,801.9364,753.74634,806.07983
701.36664,803.5685,749.9139,803.08057
705.1687,805.2107,750.8076,798.8627
708.99445,806.86304,751.7025,794.6389
712.84393,808.52576,752.5987,790.4092
716.7175,810.19885,753.49615,786.17346
720.6155,811.88245,754.3948,781.9319
724.5379,813.57654,755.2948,777.6843
727.05286,812.931,754.3948,781.93195
729.5527,812.2895,755.2948,777.6843
732.0374,811.6517,756.19604,773.4308
734.5073,811.0178,757.0985,769.17126
736.96246,810.3876,758.00226,764.90576
739.40295,809.7612,758.90735,760.6342
739.40295,809.7612,759.8136,756.3566
741.82904,809.13855,760.72125,752.073
744.24066,808.5196,758.90735,760.6342
746.6382,807.90424,759.8136,756.3566
750.5179,804.2832,760.72125,752.073
751.3908,806.68445,761.63007,747.7834
753.74634,806.07983,762.5403,743.4877
748.02625,799.3384,763.4517,739.1858
747.8062,794.9759,764.36444,734.8779
751.7025,794.6389,765.27856,730.56396
752.5987,790.4092,766.19385,726.2439
753.49615,786.17346,760.17194,743.91565
754.3948,781.9319,757.78937,744.34607
755.2948,777.6843,755.3926,744.7792
754.3948,781.93195,752.98126,745.2148
755.2948,777.6843,750.5555,745.6531
756.19604,773.4308,748.115,746.09406
757.0985,769.17126,745.65967,746.5377
758.00226,764.90576,743.18945,746.984
758.90735,760.6342,740.70404,747.43317
759.8136,756.3566,748.115,746.0941
760.72125,752.073,745.65967,746.5377
758.90735,760.6342,743.1894,746.984
759.8136,756.3566,740.70404,747.43317
760.72125,752.073,738.2034,747.885
761.63007,747.7834,735.68744,748.3396
755.132,735.0005,733.15594,748.797
763.4517,739.1858,730.60876,749.2572
764.36444,734.8779,728.04584,749.72034
765.27856,730.56396,725.46686,750.1863
766.19385,726.2439,735.6874,748.3396
760.17194,743.91565,733.156,748.797
747.76306,741.5166,730.60876,749.2572
745.2529,743.0499,728.04584,749.72034
742.82886,744.6094,725.4669,750.1863
750.5555,745.6531,722.8718,750.65515
738.23865,747.7636,720.26056,751.12695
736.07,749.3367,717.6329,751.60175
743.18945,746.984,714.98865,752.0795
740.70404,747.43317,712.3277,752.5603
739.9822,752.05566,709.64984,753.0442
738.17065,753.4703,706.95496,753.5311
736.4208,754.8261,704.2429,754.0212
734.7256,756.1135,701.5134,754.51434
733.0776,757.32385,698.7664,755.0106
731.46826,758.44904,696.0018,755.5102
733.15594,748.797,696.0018,755.51025
730.60876,749.2572,693.2192,756.01294
728.04584,749.72034,690.41864,756.519
725.46686,750.1863,687.5997,757.0283
735.6874,748.3396,684.7625,757.541
734.98376,760.5487,681.9066,758.057
733.4498,760.91016,679.032,758.5764
728.04584,749.72034,681.90656,758.057
730.2502,761.2913,679.032,758.5764
722.8718,750.65515,676.1384,759.0992
726.80786,761.2306,673.22577,759.6255
724.97205,761.04407,670.2937,760.1553
723.0485,760.7608,667.3421,760.6886
721.02924,760.38794,664.37085,761.22546
718.9072,759.93335,667.34216,760.6886
716.6764,759.40576,664.37085,761.22546
714.3315,758.81506,661.37964,761.7659
711.8682,758.17175,658.36835,762.31006
709.28357,757.4872,655.3367,762.8578
706.5754,756.773,652.2844,763.4093
696.0018,755.51025,649.21155,763.96454
693.2192,756.01294,646.1177,764.52356
690.41864,756.519,656.28516,757.9904
687.5997,757.0283,657.23517,753.1151
684.7625,757.541,658.1867,748.23206
681.9066,758.057,659.13983,743.34106
679.032,758.5764,660.09454,738.44226
681.90656,758.057,661.05066,733.5355
679.032,758.5764,662.0084,728.62085
676.1384,759.0992,662.96765,723.6982
673.22577,759.6255,663.9284,718.7676
670.2937,760.1553,661.05066,733.5355
667.3421,760.6886,662.0084,728.62085
664.37085,761.22546,662.9676,723.6982
667.34216,760.6886,663.9284,718.76764
664.37085,761.22546,664.8908,713.8291
661.37964,761.7659,665.85474,708.88257
658.36835,762.31006,666.82025,703.92804
655.3367,762.8578,667.78735,698.9655
652.2844,763.4093,668.75586,693.9949
649.21155,763.96454,665.85474,708.8826
646.1177,764.52356,666.82025,703.92804
656.28516,757.9904,667.7873,698.9655
645.5001,752.18884,668.7559,693.9949
647.0282,747.7195,669.7261,689.0161
648.67444,743.2378,670.6978,684.02936
650.43225,738.7401,671.6712,679.0345
661.05066,733.5355,672.6462,674.03143
662.0084,728.62085,673.6226,669.0202
662.96765,723.6982,674.6007,664.0008
663.9284,718.7676,666.6859,689.3213
661.05066,733.5355,663.6249,689.6285
662.0084,728.62085,660.54254,689.93787
662.9676,723.6982,657.439,690.24927
663.9284,718.76764,654.3139,690.563
664.8908,713.8291,651.167,690.8788
665.85474,708.88257,647.998,691.19684
666.82025,703.92804,644.80676,691.5171
667.78735,698.9655,641.593,691.8396
668.75586,693.9949,638.35657,692.1644
665.85474,708.8826,635.0971,692.49164
666.82025,703.92804,631.8145,692.82104
667.7873,698.9655,628.5084,693.15283
668.7559,693.9949,625.1785,693.48706
667.50964,701.5192,621.8247,693.82367
670.6978,684.02936,618.4467,694.1627
671.6712,679.0345,618.4467,694.1627
672.6462,674.03143,615.0441,694.50415
673.6226,669.0202,611.6168,694.84814
674.6007,664.0008,608.16437,695.19464
666.6859,689.3213,604.68677,695.54364
668.81506,701.561,601.1835,695.89526
666.6785,701.3119,597.6543,696.24945
657.439,690.24927,601.1834,695.89526
662.1556,700.46924,597.6543,696.24945
651.167,690.8788,594.09894,696.6063
657.2398,699.2116,590.51715,696.9658
654.61487,698.44824,586.9086,697.3279
651.86975,697.6089,583.2731,697.6928
648.99915,696.70447,579.6101,698.0604
645.9988,695.7472,583.2731,697.6929
642.8655,694.74976,579.6101,698.0604
639.5971,693.7253,575.9195,698.43085
636.19305,692.6878,572.20087,698.8041
632.65356,691.6511,568.4539,699.18005
628.98016,690.6293,564.6784,699.559
618.4467,694.1627,560.8739,699.94086
615.0441,694.50415,557.0401,700.3257
611.6168,694.84814,564.6784,699.5591
616.4912,686.6473,560.8739,699.94086
612.23706,685.9059,557.0401,700.3256
607.8814,685.2572,553.17664,700.7134
603.43274,684.712,549.2832,701.1041
601.1834,695.89526,545.35944,701.4979
601.4268,683.34686,541.405,701.89484
594.09894,696.6063,537.4195,702.29486
590.51715,696.9658,533.40265,702.698
586.9086,697.3279,545.35944,701.49805
582.68976,683.4402,541.405,701.89484
577.9276,683.8169,537.4195,702.2948
583.2731,697.6929,533.40265,702.698
575.7972,684.3658,529.3539,703.10425
571.09393,685.16455,525.2731,703.51385
566.4119,686.1003,521.1597,703.9267
568.4539,699.18005,517.01337,704.3429
564.6784,699.559,512.8337,704.7623
560.8739,699.94086,525.2731,703.5139
557.0401,700.3257,521.1597,703.9267
564.6784,699.5591,517.0133,704.34283
550.8269,693.16205,512.8336,704.7623
546.59875,694.83295,508.62027,705.1852
542.44446,696.57007,504.37268,705.61145
538.36676,698.3609,500.0905,706.04126
545.35944,701.4979,495.7734,706.4746
541.405,701.89484,491.42087,706.9114
537.4195,702.29486,487.0324,707.3518
533.40265,702.698,509.61392,699.3073
545.35944,701.49805,510.60956,693.41797
541.405,701.89484,511.60706,687.51746
537.4195,702.2948,512.6065,681.60547
533.40265,702.698,513.608,675.6821
529.3539,703.10425,514.6112,669.7474
525.2731,703.51385,515.6165,663.801
521.1597,703.9267,516.62366,657.8433
517.01337,704.3429,517.6329,651.874
512.8337,704.7623,518.6439,645.8932
525.2731,703.5139,519.65704,639.9007
521.1597,703.9267,520.672,633.8966
517.0133,704.34283,521.689,627.88086
512.8336,704.7623,522.708,621.8534
522.43024,709.12946,523.729,615.81415
504.37268,705.61145,524.752,609.7632
500.0905,706.04126,524.752,609.7632
495.7734,706.4746,525.7769,603.70044
491.42087,706.9114,526.8039,597.62585
487.0324,707.3518,527.8328,591.5393
524.53894,701.14246,528.86383,585.4409
525.2032,694.84546,529.8968,579.33057
525.7217,688.54004,530.9318,573.20825
526.0993,682.2297,529.8968,579.33057
526.3428,675.91766,530.9318,573.20825
526.45984,669.607,531.9689,567.0739
526.4594,663.3001,533.00793,560.9275
526.3518,656.99994,534.04913,554.76904
526.14795,650.7083,535.0923,548.59845
525.86005,644.42706,536.13745,542.41565
525.5008,638.1574,535.0923,548.59845
525.08356,631.9008,536.13745,542.41565
524.6225,625.6579,537.18475,536.22064
524.13196,619.4292,538.2342,530.0135
523.62665,613.2149,539.2856,523.794
523.12134,607.015,540.3391,517.56226
521.624,606.8077,541.3948,511.31818
525.7769,603.70044,542.4524,505.06177
526.8039,597.62585,543.4965,524.10944
527.8328,591.5393,547.67267,524.42224
528.86383,585.4409,551.8145,524.7325
529.8968,579.33057,555.9226,525.0402
530.9318,573.20825,559.99713,525.3454
529.8968,579.33057,564.03864,525.6482
530.9318,573.20825,568.0475,525.9484
531.9689,567.0739,572.0242,526.2463
533.00793,560.9275,575.96893,526.54175
534.04913,554.76904,564.03864,525.6482
535.0923,548.59845,568.0475,525.9484
536.13745,542.41565,572.0241,526.2463
535.0923,548.59845,575.9689,526.54175
536.13745,542.41565,579.88214,526.83484
537.18475,536.22064,583.76434,527.1257
538.2342,530.0135,587.6158,527.4141
539.2856,523.794,591.4368,527.7004
540.3391,517.56226,595.2279,527.9843
541.3948,511.31818,583.76434,527.1257
542.4524,505.06177,587.6158,527.4141
532.0741,521.81384,591.4368,527.7004
536.0788,523.6743,595.2279,527.9843
540.1642,525.5271,598.98926,528.26605
544.33124,527.35675,602.7213,528.5456
548.5797,529.1495,606.4244,528.823
564.03864,525.6482,610.09894,529.0982
568.0475,525.9484,613.74506,529.37134
572.0242,526.2463,617.3632,529.6423
575.96893,526.54175,600.03644,522.40454
564.03864,525.6482,601.08563,516.5321
568.0475,525.9484,602.1368,510.64862
572.0241,526.2463,603.1899,504.7542
575.9689,526.54175,604.24493,498.84882
579.88214,526.83484,605.30194,492.9323
583.76434,527.1257,606.36096,487.00476
587.6158,527.4141,607.42194,481.06604
591.4368,527.7004,608.485,475.11627
595.2279,527.9843,609.5499,469.15533
583.76434,527.1257,610.6169,463.1831
587.6158,527.4141,611.6859,457.1997
591.4368,527.7004,612.7569,451.20508
595.2279,527.9843,613.82996,445.19904
613.7824,530.75195,614.905,439.18176
602.7213,528.5456,615.98206,433.15308
606.4244,528.823,611.15356,438.54108
610.09894,529.0982,607.3722,437.89545
613.74506,529.37134,603.56036,437.2445
617.3632,529.6423,599.7178,436.58832
600.03644,522.40454,595.8442,435.92682
601.08563,516.5321,591.9391,435.26
602.1368,510.64862,588.0021,434.58777
603.1899,504.7542,591.9391,435.26
604.24493,498.84882,588.0021,434.58777
605.30194,492.9323,584.03284,433.9099
606.36096,487.00476,580.03094,433.22656
607.42194,481.06604,575.9959,432.53754
608.485,475.11627,571.9274,431.8427
609.5499,469.15533,567.8251,431.1422
610.6169,463.1831,571.9274,431.8427
611.6859,457.1997,567.8251,431.1422
612.7569,451.20508,563.68835,430.43585
613.82996,445.19904,559.51697,429.7235
622.84753,426.59882,555.3103,429.0052
615.98206,433.15308,551.068,428.28076
617.1093,424.45892,546.7896,427.5501
607.3722,437.89545,542.4747,426.81335
603.56036,437.2445,556.39575,422.5844
599.7178,436.58832,557.4834,416.15076
595.8442,435.92682,558.57324,409.70416
591.9391,435.26,559.6653,403.2445
588.0021,434.58777,560.7595,396.7719
591.9391,435.26,561.85596,390.28625
588.0021,434.58777,562.95465,383.7874
584.03284,433.9099,564.0556,377.2755
580.03094,433.22656,565.1586,370.75037
575.9959,432.53754,561.85596,390.28625
571.9274,431.8427,562.95465,383.7874
567.8251,431.1422,564.05554,377.2755
571.9274,431.8427,565.1586,370.75037
567.8251,431.1422,566.264,364.2121
563.68835,430.43585,567.3715,357.66046
559.51697,429.7235,568.48145,351.09558
555.3103,429.0052,569.5935,344.5174
551.068,428.28076,570.7079,337.92572
546.7896,427.5501,567.3715,357.66046
542.4747,426.81335,568.4814,351.09558
550.32336,421.3482,569.5935,344.5174
552.9383,415.0453,570.7078,337.92578
555.60724,408.7339,571.82446,331.32074
558.3143,402.4143,572.94336,324.7022
561.0419,396.0871,574.06464,318.0702
561.85596,390.28625,575.1881,311.42462
562.95465,383.7874,576.31384,304.76544
564.0556,377.2755,577.4419,298.0927
565.1586,370.75037,567.58813,330.16504
561.85596,390.28625,563.31525,328.99933
562.95465,383.7874,559.0052,327.82343
564.05554,377.2755,554.65765,326.6374
565.1586,370.75037,550.27203,325.44092
566.264,364.2121,545.8479,324.23395
567.3715,357.66046,541.3846,323.01636
568.48145,351.09558,536.8817,321.78784
569.5935,344.5174,532.33875,320.54846
570.7079,337.92572,527.7552,319.29803
567.3715,357.66046,523.1303,318.03632
568.4814,351.09558,518.4637,316.76318
569.5935,344.5174,513.7548,315.47858
570.7078,337.92578,509.00302,314.1822
580.37463,341.27295,504.2076,312.8739
572.94336,324.7022,499.3682,311.55365
574.06464,318.0702,505.32977,305.7804
575.1881,311.42462,506.45438,298.6715
576.31384,304.76544,507.58145,291.54694
577.4419,298.0927,508.71097,284.40686
567.58813,330.16504,509.84293,277.25116
563.31525,328.99933,510.9774,270.07983
559.0052,327.82343,512.1144,262.8927
554.65765,326.6374,510.9774,270.07983
550.27203,325.44092,512.1144,262.8927
545.8479,324.23395,513.25385,255.68982
541.3846,323.01636,514.39575,248.47113
536.8817,321.78784,515.5403,241.23651
532.33875,320.54846,516.68726,233.98602
527.7552,319.29803,517.83673,226.71948
523.1303,318.03632,516.68726,233.98602
518.4637,316.76318,517.83673,226.71948
513.7548,315.47858,518.9888,219.43695
509.00302,314.1822,520.14343,212.13824
494.344,312.9729,521.3006,204.82349
499.3682,311.55365,522.46027,197.4925
492.8752,305.30664,523.62256,190.14532
506.45438,298.6715,524.7874,182.78174
492.9905,290.54474,522.46027,197.4925
493.261,283.12366,523.62256,190.14532
493.6863,275.6775,524.7874,182.78174
494.27478,268.2079,525.9549,175.40173
495.0331,260.71686,527.12494,168.00537
493.73035,267.58398,528.2976,160.59265
494.83298,260.11334,529.4729,153.16333
513.25385,255.68982,530.6508,145.71729
514.39575,248.47113,531.8313,138.25476
515.5403,241.23651,522.2851,165.97461
516.68726,233.98602,517.3995,163.92468
517.83673,226.71948,512.46747,161.85522
516.68726,233.98602,507.48853,159.76611
517.83673,226.71948,502.46182,157.65686
518.9888,219.43695,497.38675,155.52734
520.14343,212.13824,492.26254,153.37732
521.3006,204.82349,487.0885,151.20618
522.46027,197.4925,481.86395,149.01404
523.62256,190.14532,497.3867,155.52734
524.7874,182.78174,492.26254,153.37732
522.46027,197.4925,487.0885,151.20618
523.62256,190.14532,481.86395,149.01404
524.7874,182.78174,476.58804,146.8003
525.9549,175.40173,471.26016,144.56482
518.3691,184.62122,465.87943,142.307
528.2976,160.59265,460.4451,140.02673
529.4729,153.16333,454.95636,137.72363
530.6508,145.71729,449.41226,135.39746
531.8313,138.25476,471.26016,144.56482
519.1963,184.53961,465.87943,142.307
515.5927,182.40375,460.4451,140.02673
511.96396,180.05676,454.95636,137.72363
508.29663,177.4986,449.41232,135.39746
504.57663,174.73083,443.81223,133.0476
500.78973,171.75757,438.1552,130.67395
496.92245,168.5841,432.4404,128.276
487.0885,151.20618,426.66687,125.85339
481.86395,149.01404,420.8337,123.40588
505.50815,166.5304,414.94006,120.93286
501.39215,162.77917,408.98492,118.434204
497.13544,158.88867,402.96732,115.90918
492.72733,154.87524,396.8863,113.357544
488.1586,150.7561,390.74084,110.77893
483.42075,146.5503,384.52985,108.17285
465.87943,142.307,389.58752,119.22583
460.4451,140.02673,388.43716,127.65149
454.95636,137.72363,387.2897,136.05603
449.41226,135.39746,386.14508,144.43945
471.26016,144.56482,385.00336,152.802
465.87943,142.307,383.86447,161.14355
460.4451,140.02673,382.72842,169.46423
454.95636,137.72363,383.86447,161.14355
449.41232,135.39746,382.72842,169.46423
443.81223,133.0476,381.5952,177.76422
438.1552,130.67395,380.46484,186.04346
432.4404,128.276,379.33725,194.30225
426.66687,125.85339,378.2125,202.5404
420.8337,123.40588,377.09055,210.75812
414.94006,120.93286,378.2125,202.5404
408.98492,118.434204,377.09055,210.75812
402.96732,115.90918,375.9713,218.9555
396.8863,113.357544,374.85492,227.1325
376.2049,112.04065,373.74124,235.28937
384.52985,108.17285,372.6303,243.42609
372.67496,119.068726,371.52213,251.54272
388.43716,127.65149,370.41672,259.63934
368.68152,134.49854,372.6303,243.42609
366.95517,142.24622,371.52213,251.54272
365.418,150.02527,370.41672,259.63934
364.0746,157.84216,369.31396,267.71606
362.92737,165.70203,368.214,275.77295
364.20752,156.90271,367.11664,283.81006
363.45267,164.87158,366.02203,291.8274
381.5952,177.76422,364.93008,299.82513
380.46484,186.04346,363.84082,307.80328
379.33725,194.30225,374.325,277.44012
378.2125,202.5404,380.37357,279.0902
377.09055,210.75812,386.3605,280.72357
378.2125,202.5404,392.28687,282.34033
377.09055,210.75812,398.15347,283.9408
375.9713,218.9555,403.96127,285.52527
374.85492,227.1325,409.7111,287.09393
373.74124,235.28937,415.4039,288.64703
372.6303,243.42609,421.04047,290.1847
371.52213,251.54272,403.96124,285.52527
370.41672,259.63934,409.7111,287.09393
372.6303,243.42609,415.40387,288.64703
371.52213,251.54272,421.0404,290.1847
370.41672,259.63934,426.62158,291.70734
369.31396,267.71606,432.1481,293.2151
363.20764,295.38702,437.62085,294.70813
367.11664,283.81006,443.04062,296.1867
366.02203,291.8274,448.40814,297.65094
364.93008,299.82513,453.7241,299.10126
363.84082,307.80328,432.1481,293.2151
374.325,277.44012,437.62085,294.70813
380.37357,279.0902,443.04062,296.1867
389.77036,298.17273,448.40814,297.651
396.88287,298.6991,453.72415,299.10138
403.89496,299.05792,458.98938,300.53772
410.79562,299.2625,464.2046,301.9605
417.5736,299.32794,469.37048,303.36987
415.4039,288.64703,474.48776,304.76587
421.04047,290.1847,479.5571,306.14893
414.37204,292.7467,484.57913,307.51898
420.78934,292.4444,489.5546,308.8764
427.0387,292.09113,494.48407,310.22113
433.11478,291.70612,499.3682,311.55365
439.01337,291.30927,504.2076,312.8739
444.7316,290.92053,509.00296,314.1822
437.62085,294.70813,499.33655,312.68768
443.04062,296.1867,494.51132,312.50317
448.40814,297.65094,489.7313,312.32043
453.7241,299.10126,484.99585,312.1394
432.1481,293.2151,480.3044,311.96002
437.62085,294.70813,475.65625,311.7823
443.04062,296.1867,471.05084,311.60626
448.40814,297.651,475.65625,311.7823
453.72415,299.10138,471.05084,311.60632
458.98938,300.53772,466.48758,311.43176
464.2046,301.9605,461.9659,311.25885
469.37048,303.36987,457.4853,311.0876
474.48776,304.76587,453.0451,310.9178
479.5571,306.14893,448.6448,310.74963
484.57913,307.51898,453.0451,310.9178
489.5546,308.8764,448.64484,310.74963
494.48407,310.22113,444.28394,310.58282
499.3682,311.55365,439.96194,310.4176
494.56543,301.91162,435.67822,310.25385
509.00296,314.1822,431.43237,310.09155
491.46063,299.12494,427.22385,309.9306
487.6298,297.88385,423.05215,309.77112
483.90897,296.8025,431.43234,310.0915
484.99585,312.1394,427.22385,309.9306
476.75085,295.14764,423.05215,309.77112
475.65625,311.7823,418.9168,309.61304
469.8903,294.19684,414.81735,309.45624
475.65625,311.7823,410.75336,309.3009
471.05084,311.60632,406.72427,309.14685
466.48758,311.43176,402.7297,308.9942
465.63196,294.59912,398.76926,308.8427
462.27625,295.07208,410.75336,309.3009
458.9109,295.69922,406.72427,309.1469
455.52493,296.47034,402.7297,308.9942
460.91483,297.58954,398.76926,308.8427
448.64484,310.74963,394.8424,308.69257
444.28394,310.58282,390.9488,308.5437
450.1553,301.00092,387.08792,308.39612
435.67822,310.25385,383.2595,308.24976
431.43237,310.09155,379.463,308.10455
438.84424,305.12793,390.9488,308.5437
434.92728,306.5905,387.08792,308.39612
443.4871,308.524,383.2595,308.24976
427.22385,309.9306,379.463,308.10455
435.0299,311.50415,375.69812,307.96063
418.9168,309.61304,371.96436,307.81787
426.26056,314.36163,368.26144,307.67633
421.7638,315.7068,364.58893,307.53595
417.19702,316.97736,360.94647,307.39667
402.7297,308.9942,357.33368,307.25848
407.8736,319.24323,371.96436,307.81787
410.75336,309.3009,368.26144,307.67633
406.72427,309.1469,364.58893,307.53595
409.1252,322.6081,360.94647,307.39667
404.1304,323.1989,357.33368,307.25848
399.11795,323.6438,353.75018,307.12152
394.09818,323.93787,350.1957,306.9856
389.0811,324.07764,346.6698,306.85077
383.2595,308.24976,343.17212,306.7171
379.09842,323.88812,339.70245,306.5844
390.9488,308.5437,340.49466,300.61896
387.08792,308.39612,341.28836,294.64276
383.2595,308.24976,342.08347,288.65533
379.463,308.10455,342.8801,282.65704
375.69812,307.96063,343.6781,276.64777
371.96436,307.81787,344.47763,270.62744
368.26144,307.67633,344.47763,270.62744
364.58893,307.53595,345.27863,264.596
360.94647,307.39667,346.0811,258.5534
357.33368,307.25848,346.885,252.4997
371.96436,307.81787,347.69046,246.43488
368.26144,307.67633,348.49738,240.35876
364.58893,307.53595,349.30576,234.27142
360.94647,307.39667,348.49738,240.35876
357.33368,307.25848,349.30576,234.27142
353.75018,307.12152,350.1157,228.17285
350.1957,306.9856,350.9271,222.06299
346.6698,306.85077,351.74002,215.94183
343.17212,306.7171,352.55444,209.80927
328.25586,305.49805,353.37036,203.66534
328.19482,299.3092,352.55444,209.80927
328.2561,293.10663,353.37036,203.66534
328.4475,286.89166,354.1878,197.50995
328.77594,280.6662,355.00677,191.34308
329.2469,274.43207,355.82727,185.16473
329.8645,268.19116,356.6493,178.97491
329.842,267.99445,357.47287,172.77356
330.75693,261.7666,358.29794,166.56055
346.0811,258.5534,351.10403,183.53314
346.885,252.4997,346.3435,181.88861
347.69046,246.43488,341.54526,180.23102
348.49738,240.35876,336.7088,178.56024
349.30576,234.27142,331.83368,176.87616
348.49738,240.35876,326.91943,175.17847
349.30576,234.27142,321.9656,173.46716
350.1157,228.17285,316.97165,171.74194
350.9271,222.06299,311.9372,170.0028
351.74002,215.94183,326.9194,175.17847
352.55444,209.80927,321.9656,173.46716
353.37036,203.66534,316.97165,171.74194
352.55444,209.80927,311.9372,170.0028
353.37036,203.66534,306.86166,168.24951
354.1878,197.50995,301.7446,166.48169
355.00677,191.34308,296.58545,164.69946
350.7555,199.85223,291.38367,162.90247
356.6493,178.97491,286.1388,161.09058
357.47287,172.77356,301.7446,166.48169
358.29794,166.56055,296.58545,164.69946
349.39148,198.98285,291.3837,162.90247
345.5387,197.18958,286.1388,161.09058
341.6555,195.22485,280.85028,159.26367
337.73187,193.08972,275.51752,157.42151
333.75836,190.78687,270.13998,155.56372
329.72522,188.32062,264.71713,153.69043
321.9656,173.46716,259.24838,151.80115
321.44202,182.92346,253.73311,149.89587
311.9372,170.0028,275.51752,157.42151
332.91306,183.80157,270.13998,155.56372
328.616,180.72302,264.71713,153.69043
324.21002,177.54163,259.24838,151.80115
319.6889,174.271,253.73311,149.89587
315.0467,170.92651,248.17075,147.97437
310.27866,167.5238,242.56071,146.03638
305.38077,164.07971,236.90236,144.08167
300.34995,160.61133,231.19507,142.1101
286.1388,161.09058,225.43819,140.12134
301.7446,166.48169,228.84087,139.51733
296.58545,164.69946,232.27448,138.90784
291.3837,162.90247,235.73952,138.29285
286.1388,161.09058,239.23631,137.67212
280.85028,159.26367,242.76537,137.04565
275.51752,157.42151,246.32715,136.41345
270.13998,155.56372,246.32715,136.41345
264.71713,153.69043,249.92212,135.77527
259.24838,151.80115,253.55069,135.13123
253.73311,149.89587,257.21338,134.48108
275.51752,157.42151,260.9106,133.82483
270.13998,155.56372,264.64297,133.16223
264.71713,153.69043,268.41092,132.49341
259.24838,151.80115,264.64297,133.16223
253.73311,149.89587,268.4109,132.49341
248.17075,147.97437,272.21487,131.81824
242.56071,146.03638,276.0555,131.13647
236.90236,144.08167,279.93326,130.448
231.19507,142.1101,283.8487,129.75317
214.44572,126.161865,287.80237,129.05127
218.87672,124.40112,283.8487,129.75317
223.4451,122.77893,287.80237,129.05127
228.13947,121.30725,291.79483,128.34253
232.94743,119.99597,295.8267,127.62683
237.85626,118.85327,299.8985,126.90405
242.85165,117.88574,304.01086,126.17407
244.31384,117.82678,308.16437,125.43689
249.40231,117.22705,312.35965,124.69214
253.55069,135.13123,305.86942,129.15186
257.21338,134.48108,311.7839,131.3783
260.9106,133.82483,317.64267,133.58374
264.64297,133.16223,323.44656,135.76843
268.41092,132.49341,329.19635,137.93286
264.64297,133.16223,334.8928,140.07727
268.4109,132.49341,340.53656,142.2019
272.21487,131.81824,346.1284,144.30688
276.0555,131.13647,351.66913,146.39258
279.93326,130.448,334.89276,140.07727
283.8487,129.75317,340.53656,142.2019
287.80237,129.05127,346.12842,144.30688
283.8487,129.75317,351.66913,146.39258
287.80237,129.05127,357.15933,148.45923
291.79483,128.34253,362.59973,150.5072
295.8267,127.62683,367.991,152.53674
299.8985,126.90405,373.33383,154.54797
304.01086,126.17407,378.62885,156.54114
308.16437,125.43689,362.59973,150.5072
312.35965,124.69214,367.991,152.53674
307.22342,146.29651,373.33383,154.54797
314.18304,147.56458,378.62885,156.54114
321.0698,148.66223,383.87662,158.51672
327.87387,149.6012,389.0779,160.47461
334.58527,150.39514,394.23328,162.41528
334.8928,140.07727,399.34326,164.33887
340.53656,142.2019,404.40857,166.24573
346.1284,144.30688,409.42975,168.13586
351.66913,146.39258,389.0779,160.47461
344.1013,144.33923,394.23328,162.41528
350.2763,144.6383,399.34326,164.33887
356.30246,144.91016,404.40857,166.24573
362.17526,145.17395,409.42972,168.13586
367.8917,145.44751,414.4073,170.00952
373.44952,145.7489,419.34183,171.86707
378.84787,146.0957,424.23395,173.70874
373.33383,154.54797,429.08417,175.53455
378.62885,156.54114,433.893,177.34473
362.59973,150.5072,432.92087,184.07745
367.991,152.53674,431.95068,190.79645
373.33383,154.54797,430.98248,197.50201
378.62885,156.54114,430.01624,204.19391
383.87662,158.51672,429.05194,210.87244
389.0779,160.47461,428.08957,217.53735
394.23328,162.41528,428.08957,217.53735
399.34326,164.33887,427.12918,224.18896
404.40857,166.24573,426.17062,230.82721
409.42975,168.13586,425.2141,237.45197
389.0779,160.47461,424.25946,244.0636
394.23328,162.41528,423.30673,250.6618
399.34326,164.33887,422.3559,257.2469
404.40857,166.24573,423.30673,250.6618
409.42972,168.13586,422.3559,257.2469
414.4073,170.00952,421.407,263.8188
419.34183,171.86707,420.45996,270.37756
424.23395,173.70874,419.51483,276.92316
429.08417,175.53455,418.57162,283.4557
417.89862,174.42651,417.63025,289.97528
417.10312,180.8338,418.57162,283.4557
416.46545,187.27972,417.63025,289.97528
415.98267,193.76685,416.69073,296.48193
415.6504,200.29663,415.7531,302.97552
415.4625,206.87,414.81735,309.45624
415.41162,213.48688,413.88348,315.9242
416.448,213.41675,412.95145,322.3792
427.12918,224.18896,412.0212,328.82135
416.94363,226.87305,413.88348,315.9242
417.3376,233.65875,412.95145,322.3792
417.81125,240.47827,412.02124,328.82135
418.3498,247.32776,411.0929,335.25085
418.93765,254.20251,410.16635,341.66766
421.48474,247.73248,409.24167,348.07178
422.12332,254.6698,408.3188,354.4632
421.407,263.8188,407.39774,360.8421
423.38763,268.5724,406.47852,367.20844
423.98053,275.5252,409.24167,348.07178
424.52667,282.47137,408.3188,354.4632
425.01056,289.40436,407.39774,360.8421
427.33994,283.13153,406.47852,367.20844
427.6549,290.06073,405.5611,373.5622
427.8673,296.96088,404.64548,379.90344
427.96646,303.82678,403.7317,386.23224
414.81735,309.45624,402.81964,392.54865
427.78622,317.43695,401.90942,398.85272
427.49158,324.1731,404.64548,379.90344
412.0212,328.82135,403.7317,386.23224
429.3076,318.13226,402.81964,392.54865
428.5606,324.77734,401.90942,398.85272
427.66168,331.36542,401.00095,405.1443
426.61145,337.89545,400.09427,411.4237
425.41214,344.3672,399.18936,417.6908
409.24167,348.07178,398.2862,423.94568
422.58173,357.13733,397.38483,430.18835
407.39774,360.8421,396.4852,436.41882
406.47852,367.20844,397.05518,404.58392
409.24167,348.07178,393.14285,404.0282
408.3188,354.4632,389.26352,403.47717
407.39774,360.8421,385.41687,402.9308
406.47852,367.20844,381.6024,402.38898
405.5611,373.5622,377.8197,401.85175
404.64548,379.90344,374.06842,401.3189
403.7317,386.23224,370.3481,400.79053
402.81964,392.54865,366.6585,400.26648
401.90942,398.85272,362.9991,399.7467
404.64548,379.90344,359.3696,399.23114
403.7317,386.23224,355.76962,398.7198
402.81964,392.54865,352.19882,398.21265
401.90942,398.85272,348.65677,397.70953
388.81546,407.43555,345.14325,397.21045
400.09427,411.4237,341.65784,396.71545
399.18936,417.6908,341.65784,396.71545
398.2862,423.94568,338.20016,396.22437
397.38483,430.18835,334.77,395.73712
396.4852,436.41882,331.36688,395.25378
386.42044,397.55493,327.99063,394.77417
383.16736,395.6374,324.64084,394.2984
380.0437,393.82123,321.31723,393.8263
385.41687,402.9308,323.31107,393.99255
381.6024,402.38898,318.59573,393.20496
377.8197,401.85175,313.8442,392.41132
374.06842,401.3189,309.05603,391.6115
370.3481,400.79053,304.23083,390.8056
366.6585,400.26648,299.36823,389.99335
362.9991,399.7467,294.46765,389.1748
359.3696,399.23114,299.36823,389.99335
355.76962,398.7198,294.46765,389.17487
352.19882,398.21265,289.52875,388.3499
348.65677,397.70953,284.55103,387.5185
345.14325,397.21045,279.53406,386.68048
341.65784,396.71545,274.47736,385.83582
341.65784,396.71545,269.38046,384.98456
338.20016,396.22437,264.24286,384.12646
334.77,395.73712,274.47736,385.83582
331.36688,395.25378,269.38046,384.98456
320.62723,403.80127,264.24286,384.1264
324.64084,394.2984,259.06412,383.2614
321.31723,393.8263,253.84367,382.38947
317.56006,406.01385,248.58107,381.51038
313.5105,406.04004,243.27577,380.62427
313.8442,392.41132,237.92728,379.7309
309.05603,391.6115,232.53502,378.83026
301.4101,405.31976,248.58107,381.51038
297.36597,404.78998,243.27577,380.62427
293.30234,404.10675,237.92728,379.7309
299.04843,404.79425,232.53502,378.83026
294.9995,403.81177,227.09851,377.92218
290.9052,402.6726,221.61717,377.00665
286.75626,401.37805,216.09045,376.0835
279.53406,386.68048,210.51773,375.15277
274.47736,385.83582,204.89856,374.21417
273.8942,396.59924,221.61717,377.00665
264.24286,384.12646,216.09045,376.0835
280.34744,395.2115,210.51779,375.1527
275.82407,393.1369,204.89856,374.21417
271.19278,390.96008,199.23225,373.2677
266.44785,388.6941,193.51825,372.3133
261.5847,386.35205,187.75592,371.35083
248.58107,381.51038,181.94467,370.3802
243.27577,380.62427,176.08386,369.40125
237.92728,379.7309,170.17291,368.41388
232.53502,378.83026,199.9556,366.83228
248.58107,381.51038,200.68039,360.38403
243.27577,380.62427,201.40665,353.9229
237.92728,379.7309,202.13432,347.44885
232.53502,378.83026,202.86346,340.9618
227.09851,377.92218,203.5941,334.46173
221.61717,377.00665,204.32617,327.9486
216.09045,376.0835,205.05971,321.4225
210.51773,375.15277,205.79474,314.88324
204.89856,374.21417,206.53125,308.33075
221.61717,377.00665,207.26926,301.76514
216.09045,376.0835,208.00871,295.18616
210.51779,375.1527,208.74968,288.59393
204.89856,374.21417,209.49217,281.9884
190.78574,372.08643,210.23613,275.3695
193.51825,372.3133,210.98163,268.73724
187.75592,371.35083,210.98163,268.73724
181.94467,370.3802,211.72859,262.0916
176.08386,369.40125,212.47708,255.43225
170.17291,368.41388,213.22711,248.75952
185.11217,364.5537,213.9787,242.0733
185.21402,357.9829,214.73175,235.37329
185.4712,351.40314,215.48636,228.65967
185.88937,344.8155,214.73175,235.37329
186.47267,338.2212,215.48636,228.65967
187.2237,331.62164,216.24255,221.93243
188.14323,325.01837,217.00023,215.1914
189.23022,318.41296,217.75946,208.43652
190.48215,311.80713,218.5203,201.66791
191.89445,305.20264,219.28262,194.88544
193.46082,298.60138,218.5203,201.66791
195.1736,292.005,219.28262,194.88544
197.02292,285.41553,220.04655,188.08911
198.99805,278.8343,220.81206,181.27875
201.08629,272.26312,221.57912,174.45447
203.27362,265.70337,222.34775,167.61609
204.79333,265.90778,223.118,160.76355
207.13011,259.38892,223.88979,153.89697
209.51888,252.88354,222.34775,167.61609
211.94206,246.39203,223.118,160.76355
214.38177,239.91449,223.88979,153.89697
216.82066,233.45105,224.66316,147.01636
219.24033,227.00098,225.43819,140.12134
220.08209,234.18408,226.21477,133.21216
222.40697,227.77307,226.99298,126.2887
224.66191,221.37024,227.77284,119.35083
217.00023,215.1914,228.55424,112.39856
217.75946,208.43652,228.84087,139.51733
218.5203,201.66791,232.27448,138.90784
219.28262,194.88544,235.73952,138.29285
218.5203,201.66791,239.23631,137.67212
219.28262,194.88544,242.76537,137.04565
220.04655,188.08911,246.32715,136.41345
220.81206,181.27875,249.92212,135.77527
221.57912,174.45447,253.55069,135.13123
222.34775,167.61609,257.21338,134.48108
223.118,160.76355,246.32715,136.41345
223.88979,153.89697,249.92212,135.77527
222.34775,167.61609,253.55069,135.13123
223.118,160.76355,257.21338,134.48108
223.88979,153.89697,260.9106,133.82483
224.66316,147.01636,264.64297,133.16223
221.59427,156.53906,268.41092,132.49341
226.21477,133.21216,272.21487,131.81824
226.99298,126.2887,276.0555,131.13647
227.77284,119.35083,279.93326,130.448
228.55424,112.39856,264.64297,133.16223
218.64397,150.56165,268.4109,132.49341
221.03036,148.51196,272.21487,131.81824
223.55702,146.34229,276.0555,131.13647
226.23515,144.06738,279.93326,130.448
229.07439,141.70227,283.8487,129.75317
232.0835,139.2644,287.80237,129.05127
235.26953,136.77087,291.79483,128.34253
238.63838,134.2406,295.8267,127.62683
257.21338,134.48108,299.8985,126.90405
246.32715,136.41345,298.96237,134.49658
249.92212,135.77527,298.02838,142.07178
253.55069,135.13123,297.0965,149.62988
257.21338,134.48108,296.1667,157.17102
260.9106,133.82483,295.239,164.69507
264.64297,133.16223,294.3134,172.20215
268.41092,132.49341,294.31342,172.20215
272.21487,131.81824,293.3899,179.69226
276.0555,131.13647,292.46844,187.16559
279.93326,130.448,291.5491,194.62207
264.64297,133.16223,290.63177,202.06189
268.4109,132.49341,289.71655,209.48505
272.21487,131.81824,288.8033,216.89148
276.0555,131.13647,289.71655,209.48505
279.93326,130.448,288.8033,216.89148
283.8487,129.75317,287.89218,224.28143
287.80237,129.05127,286.98306,231.6549
291.79483,128.34253,286.076,239.01184
295.8267,127.62683,285.1709,246.35242
288.3066,120.88403,284.26785,253.67651
288.84787,128.61877,285.1709,246.35242
289.4911,136.40613,284.26785,253.67651
290.22037,144.24146,283.36682,260.9845
291.01837,152.11914,282.46777,268.27618
291.86682,160.03308,281.57074,275.5517
292.74786,167.97656,280.6757,282.8111
294.58188,168.31995,279.78262,290.05438
293.3899,179.69226,278.89148,297.28162
296.33594,184.331,280.6757,282.8111
297.1584,192.34027,279.7826,290.05438
297.92117,200.34167,278.89148,297.28162
298.60675,208.32709,278.00238,304.49292
299.1997,216.28864,277.1152,311.6883
301.55588,209.26208,276.22998,318.86786
301.91592,217.20953,275.34674,326.0315
287.89218,224.28143,274.4654,333.17944
286.98306,231.6549,273.58603,340.31177
302.15332,240.76532,276.22998,318.86786
301.92163,248.5033,275.34674,326.0315
301.52368,256.17676,274.4654,333.1795
302.79865,249.16089,273.58603,340.31177
302.05197,256.75397,272.70856,347.42834
301.13263,264.2744,271.83304,354.5293
300.04187,271.72095,270.95944,361.6147
281.57074,275.5517,270.0877,368.6847
280.6757,282.8111,269.21793,375.7392
295.77954,293.6181,271.83304,354.5293
278.89148,297.28162,270.95944,361.6147
294.86407,286.45337,270.08774,368.6847
292.8484,293.54596,269.21793,375.7392
290.7124,300.5744,268.35004,382.77826
288.46872,307.5431,267.48404,389.802
286.1301,314.4566,266.6199,396.81042
276.22998,318.86786,265.75766,403.80365
275.34674,326.0315,264.8973,410.78162
274.4654,333.17944,264.03885,417.7444
273.58603,340.31177,264.5827,382.25983
276.22998,318.86786,260.85095,381.74634
275.34674,326.0315,257.1542,381.23767
274.4654,333.1795,253.49211,380.73376
273.58603,340.31177,249.86407,380.23462
272.70856,347.42834,246.26965,379.74
271.83304,354.5293,242.7084,379.25
270.95944,361.6147,239.17987,378.76447
270.0877,368.6847,235.68356,378.2834
269.21793,375.7392,232.21906,377.80664
271.83304,354.5293,228.78593,377.33423
270.95944,361.6147,225.38377,376.8661
270.08774,368.6847,222.01213,376.40216
269.21793,375.7392,218.67061,375.94244
258.10165,369.65057,215.35883,375.48663
267.48404,389.802,212.07642,375.03503
266.6199,396.81042,212.07642,375.03503
265.75766,403.80365,208.82292,374.58734
264.8973,410.78162,205.59795,374.14362
264.03885,417.7444,202.40121,373.70374
262.3894,364.6823,199.23225,373.2677
260.1365,364.0918,196.09077,372.83545
257.91678,363.6844,192.97641,372.40692
253.49211,380.73376,204.89856,374.21417
249.86407,380.23462,210.51779,375.1527
246.26965,379.74,216.09045,376.0835
242.7084,379.25,221.61717,377.00665
239.17987,378.76447,227.09851,377.92218
235.68356,378.2834,232.53502,378.83026
232.21906,377.80664,237.92728,379.7309
228.78593,377.33423,232.53502,378.83026
225.38377,376.8661,237.92728,379.7309
222.01213,376.40216,243.27577,380.62427
218.67061,375.94244,248.58107,381.51038
215.35883,375.48663,253.84367,382.38947
212.07642,375.03503,259.06412,383.2614
212.07642,375.03503,264.24286,384.1264
208.82292,374.58734,269.38046,384.98456
205.59795,374.14362,259.06412,383.2614
202.40121,373.70374,264.24286,384.1264
198.52917,389.32098,269.38046,384.98456
196.09077,372.83545,274.47736,385.83582
192.97641,372.40692,279.53406,386.68048
206.61879,389.2041,284.55103,387.5185
213.03523,389.4461,289.52875,388.3499
216.09045,376.0835,294.46765,389.17487
221.61717,377.00665,299.36823,389.9934
231.86327,389.34357,284.55103,387.5185
237.97366,389.06775,289.52875,388.3499
243.9895,388.69086,294.46765,389.1748
239.12479,386.47986,299.36823,389.99335
245.01791,385.94397,304.23083,390.8056
250.7983,385.34955,309.05606,391.6115
256.46136,384.71204,313.8442,392.41132
253.84367,382.38947,318.59573,393.20496
259.06412,383.2614,323.31107,393.9926
272.714,382.6975,309.05603,391.6115
269.38046,384.98456,313.8442,392.41132
267.44183,378.77106,318.59573,393.20496
272.4782,378.20673,323.31107,393.99255
277.3888,377.7069,327.99063,394.77417
282.17618,377.28436,332.6348,395.54987
286.84372,376.95148,337.24402,396.31976
284.55103,387.5185,341.81863,397.08386
289.52875,388.3499,346.35907,397.8423
294.46765,389.17487,350.8657,398.59497
299.36823,389.9934,328.76154,388.96918
284.55103,387.5185,329.53387,383.1537
289.52875,388.3499,330.30756,377.32764
294.46765,389.1748,331.08264,371.4911
299.36823,389.99335,331.8592,365.64398
304.23083,390.8056,332.63712,359.78625
309.05606,391.6115,333.41644,353.91785
313.8442,392.41132,334.1972,348.03882
318.59573,393.20496,334.97937,342.1491
323.31107,393.9926,335.76297,336.2486
309.05603,391.6115,336.548,330.33734
313.8442,392.41132,337.33444,324.4154
318.59573,393.20496,338.12234,318.48267
323.31107,393.99255,338.91168,312.53894
313.60086,392.48517,339.70245,306.5844
332.6348,395.54987,340.49466,300.61896
337.24402,396.31976,340.49466,300.61896
341.81863,397.08386,341.28836,294.64276
346.35907,397.8423,342.08347,288.65533
350.8657,398.59497,342.8801,282.65704
317.21146,386.97607,343.6781,276.64777
318.9094,381.22443,344.47763,270.62744
320.72073,375.47156,345.27863,264.596
322.6354,369.71838,344.47763,270.62744
324.6414,363.96515,345.27863,264.596
326.72647,358.21252,346.0811,258.5534
328.87692,352.46082,346.885,252.4997
331.07822,346.71045,347.69046,246.43488
333.31586,340.96167,348.49738,240.35876
335.5742,335.2146,349.30576,234.27142
337.83804,329.46948,348.49738,240.35876
340.0916,323.726,349.30576,234.27142
342.3192,317.984,350.1157,228.17285
344.5061,312.24304,350.9271,222.06299
346.63724,306.50238,351.74002,215.94183
348.69888,300.7613,352.55444,209.80927
349.86783,301.05188,353.37036,203.66534
351.74982,295.3111,354.1878,197.50995
353.52582,289.56573,352.55444,209.80927
355.18564,283.81433,353.37036,203.66534
356.72083,278.05524,354.1878,197.50995
358.12387,272.2865,355.00677,191.34308
359.3889,266.50598,355.82727,185.16473
358.8805,272.7901,356.6493,178.97491
359.8569,266.98456,357.47287,172.77356
360.6869,261.16083,358.29794,166.56055
361.37057,255.3164,359.12457,160.33594
347.69046,246.43488,360.5136,186.78375
348.49738,240.35876,365.16354,188.39008
349.30576,234.27142,369.77744,189.98395
348.49738,240.35876,374.35574,191.56549
349.30576,234.27142,378.8989,193.13495
350.1157,228.17285,383.40723,194.69238
350.9271,222.06299,387.88123,196.23792
351.74002,215.94183,392.3212,197.77179
352.55444,209.80927,396.72754,199.294
353.37036,203.66534,383.40723,194.69238
354.1878,197.50995,387.88123,196.23792
352.55444,209.80927,392.3212,197.77179
353.37036,203.66534,396.72754,199.294
354.1878,197.50995,401.1007,200.80463
355.00677,191.34308,405.441,202.30408
361.87607,170.98328,409.74878,203.79218
356.6493,178.97491,414.0245,205.26923
357.47287,172.77356,418.26846,206.73529
358.29794,166.56055,422.48093,208.19049
359.12457,160.33594,405.441,202.30408
362.45438,171.36694,409.74878,203.79218
366.19403,173.23535,414.0245,205.26923
369.88696,175.2362,418.2684,206.73529
373.54263,177.36438,422.48093,208.19049
377.17093,179.61285,426.66235,209.63501
380.7816,181.97394,430.81314,211.06897
384.38367,184.43872,434.9335,212.49231
387.98666,186.99689,439.0238,213.9054
396.72754,199.294,443.08438,215.30817
377.55984,186.14923,447.1156,216.70074
381.3507,188.9909,451.11774,218.08319
385.17206,191.87897,455.09103,219.45581
389.03055,194.79962,459.03592,220.8186
392.9319,197.73975,462.9527,222.17169
396.8811,200.68561,466.84152,223.51514
400.88263,203.62329,466.84152,223.51514
404.9398,206.53937,470.70285,224.849
418.26846,206.73529,474.5369,226.17352
413.23068,212.25342,478.34402,227.48865
396.2832,207.86725,482.1244,228.79456
400.73495,210.64215,485.87836,230.09149
405.24457,213.33044,489.6062,231.37921
418.2684,206.73529,481.2849,234.2873
422.48093,208.19049,480.44687,239.77087
426.66235,209.63501,479.61026,245.24536
430.81314,211.06897,478.77496,250.71082
434.9335,212.49231,477.9411,256.1671
439.0238,213.9054,477.10855,261.61438
443.08438,215.30817,476.2775,267.0526
447.1156,216.70074,477.10855,261.61438
451.11774,218.08319,476.2775,267.0526
455.09103,219.45581,475.44772,272.4818
459.03592,220.8186,474.61935,277.90204
462.9527,222.17169,473.79233,283.3133
466.84152,223.51514,472.96674,288.7157
466.84152,223.51514,472.14243,294.10907
470.70285,224.849,471.31955,299.4936
474.5369,226.17352,472.96674,288.7157
478.34402,227.48865,472.14243,294.10907
495.27017,230.77283,471.31955,299.4936
485.87836,230.09149,470.498,304.86926
489.6062,231.37921,469.67776,310.23608
493.8935,236.91986,468.85895,315.594
492.6202,242.54364,468.04138,320.94324
491.23117,248.11737,467.22525,326.28363
489.73236,253.64099,466.41046,331.61523
488.13055,259.11493,468.85895,315.594
486.43375,264.53998,468.04138,320.94324
484.6504,269.91748,467.22525,326.28363
484.446,264.49762,466.41046,331.61523
482.51343,269.81036,465.59692,336.9381
480.5246,275.08075,464.78476,342.25232
478.49106,280.3119,463.97394,347.5578
476.42395,285.50677,463.16443,352.85455
474.33536,290.66895,462.35623,358.14264
472.14243,294.10907,469.34634,337.8421
471.31955,299.4936,473.0701,338.74
472.96674,288.7157,476.76843,339.6316
472.14243,294.10907,480.44156,340.5172
471.31955,299.4936,484.08984,341.39685
470.498,304.86926,487.71353,342.27057
469.67776,310.23608,491.3127,343.1383
468.85895,315.594,494.88773,344.00024
468.04138,320.94324,498.43887,344.85638
467.22525,326.28363,501.9664,345.7069
466.41046,331.61523,487.71353,342.27045
468.85895,315.594,491.3127,343.1383
468.04138,320.94324,494.88773,344.00024
467.22525,326.28363,498.43887,344.85638
466.41046,331.61523,501.9664,345.7069
461.21304,326.69775,505.47043,346.55176
464.78476,342.25232,508.95126,347.39105
463.97394,347.5578,512.40906,348.22467
463.16443,352.85455,515.84424,349.05298
462.35623,358.14264,519.2568,349.87573
469.34634,337.8421,522.8259,350.1366
473.0701,338.74,526.4196,350.39923
476.76843,339.6316,530.038,350.6637
480.44156,340.5172,533.6814,350.92993
484.08984,341.39685,537.35,351.19806
487.71353,342.27057,541.044,351.46808
491.3127,343.1383,541.044,351.46808
494.88773,344.00024,544.76385,351.73987
498.43887,344.85638,548.5097,352.01367
501.9664,345.7069,552.28186,352.28937
487.71353,342.27045,556.0806,352.56702
491.3127,343.1383,559.9062,352.84662
494.88773,344.00024,563.759,353.12817
498.43887,344.85638,571.5471,353.6974
501.9664,345.7069,567.63916,353.4118
505.47043,346.55176,563.759,353.12817
508.95126,347.39105,559.9062,352.84662
512.40906,348.22467,556.0806,352.56702
515.84424,349.05298,552.28186,352.28937
527.71387,351.76556,548.5097,352.01367
531.0458,353.2765,552.28186,352.28937
534.3177,354.76617,548.5097,352.01367
537.5333,356.2224,544.76385,351.73987
540.6966,357.63367,541.044,351.46808
558.3927,372.22064,537.35,351.19806
546.8873,360.27515,533.6814,350.93
546.21783,361.18085,530.038,350.6637
549.20465,362.29712,526.4196,350.39923
552.1707,363.31708,533.6814,350.92993
552.28186,352.28937,530.038,350.6637
558.0734,365.0365,526.4196,350.39923
559.9062,352.84662,522.8259,350.1366
563.99536,366.28632,519.2568,349.87573
571.5471,353.6974,515.71173,349.61664
567.63916,353.4118,512.19073,349.3593
563.759,353.12817,508.69345,349.10376
556.7295,365.59766,505.2196,348.8498
556.0806,352.56702,522.64703,350.6931
552.28186,352.28937,526.0152,351.5052
548.5097,352.01367,529.3615,352.312
552.28186,352.28937,532.68616,353.1136
548.5097,352.01367,535.9894,353.90997
544.76385,351.73987,539.2713,354.70135
541.044,351.46808,542.5323,355.48755
537.35,351.19806,545.77234,356.26874
533.6814,350.93,548.9918,357.04492
530.038,350.6637,539.27136,354.70135
526.4196,350.39923,542.5323,355.48755
533.6814,350.92993,545.77234,356.26874
530.038,350.6637,548.9918,357.04492
526.4196,350.39923,552.1908,357.81628
522.8259,350.1366,555.3696,358.58264
519.9702,337.29077,558.5283,359.34418
515.71173,349.61664,561.6671,360.10107
512.19073,349.3593,564.78625,360.8531
508.69345,349.10376,567.8859,361.6004
505.2196,348.8498,555.3696,358.58264
522.64703,350.6931,558.5283,359.34424
526.0152,351.5052,561.6671,360.101
524.0751,343.58667,564.78625,360.8531
526.6942,345.34344,567.886,361.6004
529.3524,347.1637,570.9663,362.34314
532.0563,349.0368,574.02747,363.08118
534.8115,350.95227,577.06976,363.8147
545.77234,356.26874,580.09326,364.5437
540.4954,354.86456,583.09814,365.2682
530.5071,353.73682,586.0846,365.98822
533.5919,355.74255,589.05273,366.7038
536.74475,357.73273,592.0028,367.4151
539.96655,359.69574,594.935,368.122
543.25745,361.62024,597.84937,368.8247
546.6168,363.49573,600.7461,369.52313
550.043,365.31152,600.74615,369.52313
553.53375,367.0581,603.6254,370.21735
557.08563,368.72632,606.4875,370.90735
560.69464,370.30756,609.33234,371.59332
548.7511,368.2058,612.1602,372.27515
552.5573,369.62238,614.97125,372.95294
556.40375,370.93005,617.7656,373.62665
560.2836,372.1239,614.97125,372.95288
567.886,361.6004,617.7656,373.62665
568.1138,374.156,620.54346,374.29633
574.02747,363.08118,623.30493,374.96216
575.9842,375.70172,626.0502,375.62408
580.09326,364.5437,628.77924,376.2821
583.82623,376.76215,631.49243,376.93622
587.7144,377.11572,628.77924,376.28204
591.56854,377.35663,631.49243,376.93628
595.3801,377.48993,634.18976,377.5865
599.1405,377.5218,636.87146,378.2331
602.84106,377.45972,639.53754,378.87592
606.4743,377.31122,642.18823,379.51508
607.1565,376.40833,644.8236,380.1504
610.6509,376.11566,647.4439,380.78223
614.0573,375.76526,642.18823,379.51495
609.33234,371.59332,644.8236,380.1504
620.58514,374.93494,647.4439,380.78223
614.97125,372.95294,650.04913,381.41034
626.7062,374.0074,652.6395,382.03485
624.0454,372.17725,655.2151,382.65588
626.872,371.7177,657.77606,383.27338
629.59033,371.27972,660.3225,383.88727
632.20123,370.875,662.8546,384.49774
634.7065,370.5136,665.3724,385.10486
628.77924,376.2821,667.87604,385.70844
631.49243,376.93622,670.3657,386.30878
636.219,368.42908,672.8415,386.90564
631.49243,376.93628,675.3034,387.49927
640.4356,368.33624,677.75165,388.08948
636.87146,378.2331,678.54706,383.83612
639.53754,378.87592,679.34344,379.57715
642.18823,379.51508,680.14105,375.3125
644.8236,380.1504,680.9396,371.04218
647.4439,380.78223,681.7392,366.76624
642.18823,379.51495,682.5399,362.48462
644.8236,380.1504,683.34155,358.19733
647.4439,380.78223,684.1444,353.9043
650.04913,381.41034,684.9483,349.60565
652.6395,382.03485,685.7533,345.3012
655.2151,382.65588,686.55927,340.9911
657.77606,383.27338,687.3664,336.67517
660.3225,383.88727,688.1745,332.35358
662.8546,384.49774,688.98376,328.02625
665.3724,385.10486,689.7941,323.693
667.87604,385.70844,690.6055,319.35413
670.3657,386.30878,691.418,315.00934
672.8415,386.90564,692.23157,310.65875
675.3034,387.49927,693.0462,306.30243
670.71265,386.5285,693.86194,301.9402
678.54706,383.83612,697.4366,302.02362
679.34344,379.57715,701.0322,302.10742
680.14105,375.3125,704.649,302.19183
680.9396,371.04218,708.2872,302.27667
