402.89407,146.98364,463.64032,149.80432
405.8145,125.98718,469.1049,152.05505
405.48465,146.22034,474.51508,154.28333
405.8145,125.98706,479.8717,156.48975
405.8145,125.98706,469.1049,152.05505
409.38974,143.5675,474.51508,154.28333
410.64407,142.31152,479.87177,156.48962
411.85315,140.88794,485.17563,158.67432
411.871,128.48169,490.4275,160.8374
426.15405,142.47949,495.62814,162.97949
433.09656,143.0835,500.7783,165.10071
429.66385,135.81018,505.87866,167.20142
446.51535,144.0039,510.93008,169.28198
441.22162,140.57056,495.62814,162.97949
459.25674,144.67639,500.7783,165.10071
452.54477,145.23438,505.87872,167.20142
441.22162,140.57056,510.93008,169.28198
460.24368,138.53064,515.9331,171.34265
465.9469,138.92603,520.8885,173.38367
471.4567,139.38086,525.7969,175.40527
463.64032,149.80432,530.659,177.40796
481.90326,140.53943,535.4755,179.39172
474.51508,154.28333,520.8885,173.38367
479.8717,156.48975,525.7969,175.40527
469.1049,152.05505,530.65906,177.40796
484.71686,137.39221,535.4755,179.39172
489.15216,138.74268,540.24695,181.35712
493.44196,140.25525,544.974,183.30402
497.59778,141.93408,549.65735,185.23297
495.62814,162.97949,554.29755,187.14417
505.55762,145.7992,558.89514,189.03778
505.87866,167.20142,563.4507,190.91418
510.93008,169.28198,544.974,183.30402
495.62814,162.97949,549.65735,185.23297
500.33728,146.88367,554.29755,187.14417
504.11884,149.80017,558.89514,189.03778
507.87192,152.854,563.45074,190.91418
515.9331,171.34265,567.96497,192.7735
515.34717,159.3274,572.4383,194.61597
519.0951,162.72144,576.8713,196.44183
530.659,177.40796,581.26465,198.25134
526.6712,169.7528,585.6187,200.04474
520.8885,173.38367,589.9341,201.82214
525.7969,175.40527,589.9341,201.82214
519.3849,172.84961,594.21124,203.5838
523.5949,176.63525,598.45074,205.32996
527.8785,180.40924,602.6531,207.06079
532.2408,184.15472,606.8187,208.77655
536.6858,187.85547,610.9481,210.47736
554.29755,187.14417,610.9481,210.47742
545.8338,195.05951,615.04175,212.16345
563.4507,190.91418,619.1002,213.83502
544.974,183.30402,623.1237,215.49225
537.4046,196.1167,627.1128,217.13531
542.56726,199.34521,631.0681,218.7644
547.804,202.4278,634.98975,220.37958
563.45074,190.91418,631.068,218.7644
567.96497,192.7735,634.98975,220.37958
563.8984,210.70764,638.8783,221.98126
569.36566,213.12073,642.7342,223.56946
574.8691,215.35217,646.55786,225.14435
580.3982,217.39911,650.34973,226.70605
585.94214,219.2602,654.11005,228.25482
589.9341,201.82214,657.8393,229.79095
594.21124,203.5838,650.34973,226.70612
598.3409,222.08435,654.11005,228.25482
603.86053,223.23291,657.8393,229.79095
609.3326,224.21295,661.5379,231.31427
614.74426,225.03247,665.2061,232.8252
610.9481,210.47742,668.8444,234.32367
621.28284,224.60376,672.4531,235.81006
619.1002,213.83502,676.03265,237.28436
623.1237,215.49225,664.0468,239.2409
627.1128,217.13531,662.8898,245.64417
631.0681,218.7644,661.735,252.03503
634.98975,220.37958,660.5824,258.41345
631.068,218.7644,659.43207,264.77954
634.98975,220.37958,658.28394,271.1333
638.8783,221.98126,657.1381,277.47473
642.7342,223.56946,655.9944,283.8039
646.55786,225.14435,654.85297,290.1209
650.34973,226.70605,658.28394,271.1333
654.11005,228.25482,657.1381,277.47473
657.8393,229.79095,655.9944,283.8039
650.34973,226.70612,654.85297,290.1209
654.11005,228.25482,653.7137,296.4256
657.8393,229.79095,652.5766,302.71826
661.5379,231.31427,651.4418,308.99872
665.2061,232.8252,650.3091,315.26715
668.8444,234.32367,649.1786,321.52356
672.4531,235.81006,652.5766,302.71826
676.03265,237.28436,651.4418,308.99872
653.8874,240.40387,650.3091,315.26715
651.6404,246.3797,649.1786,321.5235
649.5049,252.3471,648.05023,327.76782
647.4902,258.31177,646.92413,334.00018
645.6046,264.27887,645.80005,340.22064
658.28394,271.1333,644.6782,346.42914
642.2479,276.24036,643.5585,352.62573
640.7874,282.24377,642.4409,358.8105
639.477,288.26782,646.92413,334.00018
642.8207,269.0628,645.80005,340.22064
641.8131,275.14874,644.6783,346.42914
640.95764,281.26385,643.5585,352.62573
640.2518,287.4104,642.4409,358.8105
653.7137,296.4256,638.75116,357.8371
652.5766,302.71826,635.03156,356.85577
651.4418,308.99872,631.2817,355.86646
650.3091,315.26715,627.5011,354.86914
649.1786,321.52356,623.6895,353.86353
652.5766,302.71826,619.84656,352.84967
651.4418,308.99872,619.84656,352.84967
650.3091,315.26715,615.9718,351.82745
649.1786,321.5235,612.0649,350.79675
648.05023,327.76782,608.12537,349.7575
646.92413,334.00018,604.1528,348.7094
645.80005,340.22064,600.14685,347.65253
644.6782,346.42914,600.14685,347.65253
643.5585,352.62573,596.1071,346.58685
642.4409,358.8105,592.0331,345.51202
646.92413,334.00018,587.92426,344.42804
645.80005,340.22064,583.7804,343.33478
644.6783,346.42914,579.6008,342.23212
643.5585,352.62573,575.3853,341.12006
642.4409,358.8105,582.6531,349.91913
638.75116,357.8371,581.52795,356.49017
635.03156,356.85577,580.4053,363.04785
631.2817,355.86646,579.2847,369.59222
627.5011,354.86914,578.16644,376.12347
623.6895,353.86353,577.05054,382.64142
619.84656,352.84967,575.93677,389.14618
619.84656,352.84967,574.8253,395.63782
615.9718,351.82745,577.05054,382.64142
612.0649,350.79675,575.93677,389.14618
608.12537,349.7575,574.8253,395.63782
604.1528,348.7094,573.71606,402.11652
600.14685,347.65253,572.60913,408.58197
600.14685,347.65253,571.50433,415.0345
596.1071,346.58685,570.4018,421.47412
592.0331,345.51202,569.30145,427.90076
587.92426,344.42804,571.50433,415.0345
594.5246,346.07825,570.4018,421.47412
579.6008,342.23212,569.30145,427.90076
575.3853,341.12006,568.20337,434.3145
589.418,352.24817,567.1074,440.7154
586.82947,358.56464,566.0136,447.10352
584.19727,364.83997,564.9221,453.47888
579.2847,369.59222,563.83276,459.84143
578.85913,377.2859,562.74554,466.19135
577.05054,382.64142,571.2592,441.38373
575.93677,389.14618,575.3764,442.04645
574.8253,395.63782,579.45935,442.7036
577.05054,382.64142,583.50836,443.3554
575.93677,389.14618,587.52405,444.00177
574.8253,395.63782,591.5067,444.64288
573.71606,402.11652,595.4567,445.2787
572.60913,408.58197,599.3746,445.9093
571.50433,415.0345,603.2606,446.5348
570.4018,421.47412,591.5067,444.64288
569.30145,427.90076,595.4567,445.2787
571.50433,415.0345,599.3746,445.9093
570.4018,421.47412,603.2606,446.5348
569.30145,427.90076,607.11523,447.15527
568.20337,434.3145,610.93884,447.7707
561.6167,427.3078,614.7317,448.38123
566.0136,447.10352,618.4943,448.98694
564.9221,453.47888,622.227,449.5877
563.83276,459.84143,625.93005,450.18378
562.74554,466.19135,610.93884,447.7707
561.26373,433.86853,614.73175,448.38123
564.75287,435.9873,618.4943,448.98694
568.3141,438.146,622.227,449.5877
571.95294,440.33002,625.93005,450.18384
587.52405,444.00177,624.8459,456.1836
591.5067,444.64288,623.76385,462.17218
595.4567,445.2787,622.6837,468.14948
599.3746,445.9093,621.6057,474.11548
603.2606,446.5348,620.52966,480.07037
591.5067,444.64288,619.4557,486.01404
595.4567,445.2787,619.4557,486.01404
599.3746,445.9093,618.3836,491.94666
603.2606,446.5348,617.31366,497.8681
607.11523,447.15527,616.24567,503.77856
610.93884,447.7707,615.1797,509.67798
614.7317,448.38123,614.11566,515.5664
618.4943,448.98694,614.11566,515.56635
622.227,449.5877,613.05365,521.44385
625.93005,450.18378,611.9936,527.3103
610.93884,447.7707,610.9354,533.16583
614.73175,448.38123,609.8794,539.0105
618.4943,448.98694,608.8252,544.8444
622.227,449.5877,607.773,550.6675
625.93005,450.18384,613.5647,539.2479
624.8459,456.1836,617.22144,539.4836
623.76385,462.17218,620.8499,539.7172
622.6837,468.14948,624.4505,539.94916
621.6057,474.11548,628.0235,540.1793
620.52966,480.07037,631.56915,540.4078
619.4557,486.01404,635.0879,540.6344
619.4557,486.01404,638.57996,540.8594
618.3836,491.94666,631.56915,540.4078
617.31366,497.8681,635.0879,540.6344
616.24567,503.77856,638.58,540.8594
615.1797,509.67798,642.04565,541.0826
614.11566,515.5664,645.4853,541.3042
614.11566,515.56635,648.8991,541.5241
613.05365,521.44385,652.2875,541.7424
611.9936,527.3103,655.6506,541.959
610.9354,533.16583,648.8991,541.52405
609.8794,539.0105,652.2875,541.74243
608.8252,544.8444,655.65063,541.959
607.773,550.6675,658.9889,542.174
623.6925,530.86053,662.3025,542.3875
626.6601,529.9514,665.5917,542.5994
629.5062,529.1461,668.8568,542.80975
624.4505,539.94916,672.09814,543.0185
628.0235,540.1793,675.31573,543.22577
631.56915,540.4078,663.3461,536.8697
635.0879,540.6344,664.3916,531.34216
638.57996,540.8594,665.4389,525.8049
631.56915,540.4078,666.48804,520.2579
635.0879,540.6344,667.53906,514.7011
638.58,540.8594,668.59186,509.13458
642.04565,541.0826,669.6466,503.55804
645.4853,541.3042,670.7032,497.97186
648.8991,541.5241,671.76166,492.3756
652.2875,541.7424,668.59186,509.13458
655.6506,541.959,669.6466,503.5581
648.8991,541.52405,670.7032,497.9718
652.2875,541.74243,671.76166,492.37567
655.65063,541.959,672.822,486.7696
658.9889,542.174,673.8842,481.15356
650.4917,540.9708,674.9483,475.52765
665.5917,542.5994,676.0143,469.89166
668.8568,542.80975,677.08215,464.24567
672.09814,543.0185,678.15186,458.58972
675.31573,543.22577,673.8842,481.15356
656.67285,536.6372,674.9483,475.52765
659.0085,531.3085,676.0142,469.89166
661.4062,525.9628,677.08215,464.24567
663.85187,520.5996,678.1519,458.58966
667.53906,514.7011,673.49493,457.87378
668.59186,509.13458,668.87396,457.16333
669.6466,503.55804,664.2883,456.4585
670.7032,497.97186,659.7378,455.7589
671.76166,492.3756,655.222,455.06464
668.59186,509.13458,650.74036,454.37573
669.6466,503.5581,650.74036,454.37573
670.7032,497.9718,646.29266,453.69202
671.76166,492.37567,641.8785,453.01337
672.822,486.7696,637.49744,452.3399
673.8842,481.15356,633.14905,451.6714
674.9483,475.52765,628.8331,451.00787
676.0143,469.89166,628.8331,451.00787
677.08215,464.24567,624.5492,450.3493
678.15186,458.58972,620.29694,449.69556
673.8842,481.15356,616.0759,449.0467
674.9483,475.52765,611.886,448.40265
676.0142,469.89166,607.7267,447.76318
677.08215,464.24567,603.59766,447.12848
681.4002,470.14783,607.7267,447.76318
675.9598,470.14648,603.59766,447.12848
670.52985,470.02374,599.4986,446.49823
665.1173,469.77448,595.4292,445.87268
659.7297,469.3949,591.3891,445.25165
654.3742,468.88232,587.37805,444.635
649.05865,468.23566,583.39557,444.02277
650.74036,454.37573,579.44165,443.41492
646.29266,453.69202,594.72797,445.78687
641.8785,453.01337,598.0438,446.31842
637.49744,452.3399,601.3369,446.84644
633.14905,451.6714,604.6075,447.37073
628.8331,451.00787,607.85565,447.89142
628.8331,451.00787,611.08185,448.40863
624.5492,450.3493,614.28613,448.9223
620.29694,449.69556,617.46875,449.4325
616.0759,449.0467,611.08185,448.40863
611.886,448.40265,614.28613,448.9223
607.7267,447.76318,617.46875,449.43262
603.59766,447.12848,620.6299,449.93933
607.7267,447.76318,623.7699,450.44275
603.59766,447.12848,626.8889,450.94275
599.4986,446.49823,629.9871,451.43945
595.4292,445.87268,633.06476,451.93286
592.4154,431.989,636.1221,452.42297
587.37805,444.635,626.8889,450.94275
583.39557,444.02277,629.9871,451.43945
579.44165,443.41492,633.06476,451.93286
591.6816,433.70062,636.122,452.42297
594.0367,434.86206,639.1591,452.90985
596.41144,436.12714,642.1763,453.39355
604.6075,447.37073,645.1735,453.87402
607.85565,447.89142,648.1513,454.35138
603.74274,440.4591,651.1097,454.82568
614.28613,448.9223,640.0736,447.90833
617.46875,449.4325,640.98956,442.89893
611.08185,448.40863,641.907,437.8817
614.28613,448.9223,642.82587,432.8565
617.46875,449.43262,643.74615,427.8235
620.6299,449.93933,644.6679,422.78253
623.7699,450.44275,645.5911,417.73352
626.8889,450.94275,646.5158,412.67657
629.9871,451.43945,647.4419,407.61163
633.06476,451.93286,648.36945,402.53876
636.1221,452.42297,644.6679,422.78253
626.8889,450.94275,645.5912,417.73352
629.9871,451.43945,646.5158,412.67657
633.06476,451.93286,647.4419,407.61163
636.122,452.42297,648.36945,402.53876
644.15967,453.65613,649.2985,397.45782
642.1763,453.39355,650.2291,392.36884
645.1735,453.87402,651.1611,387.2718
648.1513,454.35138,652.09454,382.16663
651.1097,454.82568,653.0295,377.0534
650.02893,449.3955,653.96594,371.932
640.98956,442.89893,656.03625,377.79523
641.907,437.8817,659.0231,378.53217
642.82587,432.8565,661.9901,379.26422
643.74615,427.8235,664.9377,379.9914
644.6679,422.78253,667.86584,380.7138
645.5911,417.73352,670.77484,381.43158
646.5158,412.67657,670.77484,381.43158
647.4419,407.61163,673.66486,382.14453
648.36945,402.53876,676.5361,382.8529
644.6679,422.78253,679.3886,383.55676
645.5912,417.73352,682.22284,384.25598
646.5158,412.67657,685.03876,384.9508
647.4419,407.61163,687.8366,385.64105
648.36945,402.53876,685.03876,384.9508
649.2985,397.45782,687.8366,385.64105
650.2291,392.36884,690.6166,386.3269
651.1611,387.2718,693.3788,387.00842
652.09454,382.16663,696.1235,387.68555
663.56024,373.93683,698.85077,388.3584
653.96594,371.932,701.5606,389.0271
656.03625,377.79523,704.25366,389.69147
659.0231,378.53217,692.1038,387.31
661.9901,379.26422,688.11053,386.93677
664.9377,379.9914,684.14343,386.5661
667.86584,380.7138,680.2021,386.19775
670.77484,381.43158,676.2864,385.83185
670.77484,381.43158,672.396,385.46832
673.66486,382.14453,668.5307,385.10712
676.5361,382.8529,664.69037,384.74823
679.3886,383.55676,672.396,385.46832
682.22284,384.25598,668.5307,385.10712
685.03876,384.9508,664.69037,384.74823
687.8366,385.64105,660.8746,384.39166
685.03876,384.9508,657.0831,384.03735
687.8366,385.64105,653.31586,383.68536
690.6166,386.3269,649.5726,383.3355
693.3788,387.00842,645.8528,382.9879
692.00006,378.98138,642.1566,382.64252
698.85077,388.3584,653.31586,383.68536
701.5606,389.0271,649.5726,383.33545
704.25366,389.69147,645.8528,382.9879
690.6242,375.92584,642.1566,382.64252
687.3313,375.1864,638.4837,382.29926
684.07196,374.57025,634.83374,381.95813
680.2021,386.19775,631.20667,381.61926
676.2864,385.83185,627.6022,381.28247
674.4246,373.46985,624.02,380.94763
668.5307,385.10712,634.8338,381.95813
664.69037,384.74823,631.20667,381.61926
676.38324,374.427,627.6022,381.28247
673.087,374.64386,624.0201,380.94763
669.7719,374.963,620.4601,380.61505
666.4326,375.37677,616.9221,380.28436
657.0831,384.03735,613.4059,379.95587
653.31586,383.68536,609.91125,379.62927
649.5726,383.3355,606.438,379.3047
645.8528,382.9879,602.98596,378.98212
642.1566,382.64252,621.27344,376.0428
653.31586,383.68536,622.088,371.464
649.5726,383.33545,622.9037,366.87878
645.8528,382.9879,623.7205,362.28705
642.1566,382.64252,624.5386,357.68872
638.4837,382.29926,625.3578,353.08386
634.83374,381.95813,626.1781,348.47247
631.20667,381.61926,626.99963,343.8545
627.6022,381.28247,627.8224,339.22992
624.02,380.94763,628.64624,334.59875
634.8338,381.95813,629.4712,329.96094
631.20667,381.61926,629.4712,329.96094
627.6022,381.28247,630.2975,325.31647
624.0201,380.94763,631.1249,320.6654
631.4295,382.41022,631.95355,316.00763
616.9221,380.28436,632.7833,311.34326
613.4059,379.95587,633.61426,306.67212
609.91125,379.62927,633.61426,306.67212
606.438,379.3047,634.4465,301.99426
602.98596,378.98212,635.2798,297.30975
628.80444,377.75336,636.1144,292.61853
628.74426,373.13397,636.95013,287.92047
628.61786,368.49835,637.7871,283.21576
628.43494,363.8463,638.6253,278.5042
624.5386,357.68872,640.61346,287.96594
625.3578,353.08386,644.2998,288.01172
626.1781,348.47247,648.00964,288.0578
626.99963,343.8545,651.743,288.10406
627.8224,339.22992,655.50024,288.15063
628.64624,334.59875,659.2815,288.19763
629.4712,329.96094,663.08704,288.24487
629.4712,329.96094,666.9171,288.29242
630.2975,325.31647,659.2815,288.19763
631.1249,320.6654,663.08704,288.24487
631.95355,316.00763,666.9171,288.29242
632.7833,311.34326,670.7719,288.3402
633.61426,306.67212,674.6517,288.38837
633.61426,306.67212,678.55676,288.43683
634.4465,301.99426,682.4873,288.4856
635.2798,297.30975,686.4436,288.53473
636.1144,292.61853,678.55676,288.43683
631.6013,280.53833,682.4873,288.4856
637.7871,283.21576,686.4436,288.53473
638.6253,278.5042,690.42584,288.5841
640.61346,287.96594,694.4344,288.63385
641.3506,277.4361,698.4694,288.68396
645.7582,276.91003,702.53125,288.7343
650.2121,276.4934,706.62,288.7851
654.7048,276.1917,710.73615,288.83612
659.2815,288.19763,698.4694,288.68396
663.776,275.9474,702.53125,288.7343
668.3393,276.00934,706.62,288.7851
659.2815,288.19763,710.73615,288.83612
665.8785,276.47437,714.87994,288.88757
670.37305,276.8993,719.0515,288.93933
674.85474,277.44043,723.2512,288.99152
679.31744,278.09338,727.47943,289.04395
683.7555,278.85248,731.7363,289.0968
682.4873,288.4856,717.5886,289.88867
686.4436,288.53473,720.2798,290.8833
678.55676,288.43683,722.9538,291.87152
682.4873,288.4856,725.61084,292.85358
686.4436,288.53473,728.2509,293.82935
690.42584,288.5841,730.8744,294.7989
694.4344,288.63385,733.48114,295.76233
698.4694,288.68396,736.0716,296.71967
702.53125,288.7343,738.6457,297.67108
706.62,288.7851,741.20386,298.61646
710.73615,288.83612,730.8744,294.7989
698.4694,288.68396,733.48114,295.76233
702.53125,288.7343,736.0716,296.71967
706.62,288.7851,738.6457,297.67108
710.73615,288.83612,741.2038,298.61646
714.87994,288.88757,743.746,299.55597
719.0515,288.93933,746.2723,300.48975
723.2512,288.99152,748.78296,301.41766
727.47943,289.04395,751.27814,302.33972
731.7363,289.0968,753.7578,303.2563
717.5886,289.88867,756.2224,304.16718
720.2798,290.8833,756.2224,304.16718
731.91925,296.33905,758.6718,305.07245
735.1094,296.13116,761.10645,305.97223
738.18616,295.8916,763.5262,306.86652
741.1455,295.63263,765.9312,307.75537
733.48114,295.76233,768.3218,308.63885
736.0716,296.71967,768.3218,308.63885
749.2927,294.86432,770.6979,309.51703
741.20386,298.61646,773.0597,310.38995
730.8744,294.7989,775.4074,311.25763
743.60254,289.498,777.74097,312.12006
745.7916,289.45697,780.0607,312.97748
738.6457,297.67108,782.3667,313.8297
741.2038,298.61646,781.7957,312.24023
743.746,299.55597,785.87555,312.3612
746.2723,300.48975,789.981,312.4828
748.78296,301.41766,794.11224,312.60522
751.27814,302.33972,798.2695,312.7284
753.7578,303.2563,802.453,312.85236
756.2224,304.16718,806.6631,312.97717
756.2224,304.16718,810.89984,313.10272
758.6718,305.07245,802.453,312.85236
761.10645,305.97223,806.6631,312.97717
763.5262,306.86652,810.89984,313.10272
765.9312,307.75537,815.16376,313.229
768.3218,308.63885,819.4549,313.3562
768.3218,308.63885,823.77356,313.48413
770.6979,309.51703,828.12,313.6129
773.0597,310.38995,832.49457,313.74255
775.4074,311.25763,836.8976,313.8731
776.39166,301.2776,832.49457,313.74255
780.0607,312.97748,828.12,313.6129
782.3667,313.8297,823.77356,313.48413
781.7957,312.24023,819.4549,313.3562
787.058,300.49133,815.16376,313.229
791.7866,300.63098,810.89984,313.10272
796.5201,300.89038,806.6631,312.97717
801.2519,301.26843,802.453,312.85236
802.453,312.85236,815.16376,313.229
810.6881,302.37152,810.89984,313.10272
815.38214,303.08893,806.6631,312.97717
802.51086,311.0724,802.453,312.85236
811.8944,304.53076,798.2695,312.7284
816.4352,305.52826,794.11224,312.60522
820.9433,306.60632,789.981,312.4828
825.41644,307.7558,785.87555,312.3612
829.8532,308.9671,781.7957,312.24023
828.12,313.6129,794.11224,312.60522
838.61505,311.5329,789.981,312.4828
836.8976,313.8731,785.87555,312.3612
838.4228,313.95404,781.7957,312.24023
833.8782,315.03302,777.74097,312.12006
829.3076,316.0907,773.7114,312.00073
824.7129,317.11548,769.7068,311.88202
820.09595,318.09656,765.72656,311.7641
815.45935,319.02332,761.7709,311.64685
806.6631,312.97717,757.8393,311.53033
802.453,312.85236,775.4074,311.25763
815.16376,313.229,773.0597,310.38995
810.89984,313.10272,770.6979,309.51703
806.6631,312.97717,768.3218,308.63885
802.453,312.85236,765.9312,307.75537
798.2695,312.7284,763.5262,306.86652
794.11224,312.60522,761.10645,305.97223
789.981,312.4828,758.6718,305.07245
785.87555,312.3612,756.2224,304.16718
781.7957,312.24023,753.7578,303.2563
794.11224,312.60522,751.27814,302.33972
789.981,312.4828,751.27814,302.33972
785.87555,312.3612,748.78296,301.41766
781.7957,312.24023,746.2723,300.48975
788.0899,308.25635,743.746,299.55597
773.7114,312.00073,741.2038,298.61646
769.7068,311.88202,738.6457,297.67108
765.72656,311.7641,738.6457,297.67108
761.7709,311.64685,736.0716,296.71967
757.8393,311.53033,733.48114,295.76233
775.4074,311.25763,730.8744,294.7989
780.0441,300.30548,728.2509,293.82935
770.6979,309.51703,725.61084,292.85358
773.6291,297.51678,722.9538,291.87152
770.3145,296.27808,720.2798,290.8833
763.5262,306.86652,717.5886,289.88867
763.51666,294.13245,714.87994,288.88757
760.05316,293.2301,712.15375,287.88
756.2224,304.16718,713.92847,293.8994
753.7578,303.2563,712.97845,298.9037
751.27814,302.33972,712.02985,303.9002
751.27814,302.33972,711.0827,308.88904
748.78296,301.41766,710.137,313.8703
746.2723,300.48975,709.1928,318.844
743.746,299.55597,708.24994,323.81
741.2038,298.61646,709.1928,318.844
738.6457,297.67108,708.24994,323.81
738.6457,297.67108,707.3086,328.76843
736.0716,296.71967,706.3688,333.71942
733.48114,295.76233,705.43024,338.66278
730.8744,294.7989,704.4932,343.59863
728.2509,293.82935,703.55756,348.52704
725.61084,292.85358,704.4932,343.59863
722.9538,291.87152,703.55756,348.52704
720.2798,290.8833,702.6233,353.4478
717.5886,289.88867,701.69055,358.36127
712.92017,286.62573,700.75916,363.26715
712.15375,287.88,699.82916,368.16565
713.92847,293.8994,698.90063,373.0567
714.7467,297.20392,697.9735,377.94043
715.01514,302.44678,699.82916,368.16565
715.2531,307.69592,698.90063,373.0567
715.44836,312.94763,697.9735,377.94043
715.5898,318.19794,697.0477,382.81665
708.24994,323.81,696.1235,387.68555
717.5839,318.6527,695.20044,392.54706
708.24994,323.81,694.2789,397.40137
717.3198,329.1255,693.35876,402.24823
717.04114,334.33423,692.43994,407.08783
705.43024,338.66278,693.3788,387.00842
704.4932,343.59863,690.6166,386.3269
703.55756,348.52704,687.8366,385.64105
704.4932,343.59863,685.03876,384.9508
703.55756,348.52704,682.22284,384.25598
702.6233,353.4478,679.3886,383.55676
701.69055,358.36127,676.5361,382.8529
700.75916,363.26715,673.66486,382.14453
699.82916,368.16565,670.77484,381.43158
698.90063,373.0567,679.3886,383.55676
697.9735,377.94043,676.5361,382.8529
699.82916,368.16565,673.66486,382.14453
698.90063,373.0567,670.77484,381.43158
697.9735,377.94043,667.86584,380.7138
697.0477,382.81665,664.9377,379.9914
696.1235,387.68555,661.9901,379.26422
695.20044,392.54706,659.0231,378.53217
694.2789,397.40137,656.03625,377.79523
693.35876,402.24823,653.0295,377.0534
692.43994,407.08783,664.9377,379.9914
703.16266,381.05347,661.9901,379.26422
699.99475,379.29767,659.0231,378.53217
696.7142,377.6026,656.03625,377.79523
693.3256,375.9793,653.0295,377.0534
689.83496,374.43768,650.0026,376.30664
686.2491,372.98676,646.9554,375.55475
676.5361,382.8529,643.8876,374.79785
673.66486,382.14453,640.7991,374.03583
674.9976,369.25476,637.6894,373.26874
682.6234,371.25018,634.5587,372.49634
678.7651,370.37225,631.4066,371.71857
674.8658,369.61517,628.23285,370.93555
670.9355,368.9801,625.0373,370.14716
666.98474,368.4668,621.8196,369.35327
663.0237,368.07355,618.57965,368.5539
661.9901,379.26422,618.57965,368.5539
659.0231,378.53217,615.3171,367.74896
651.17896,367.5799,612.0318,366.93842
653.0295,377.0534,608.7235,366.12225
658.3693,371.57202,605.392,365.30023
654.65027,371.8051,602.0369,364.47253
659.0231,378.53217,598.65814,363.63885
647.37823,372.48804,602.0369,364.47253
643.8378,372.9171,598.65814,363.63885
640.3682,373.38995,595.2554,362.79932
636.97363,373.89453,591.8283,361.9538
633.6573,374.41864,588.3767,361.10223
630.4213,374.95,584.9004,360.24457
637.6894,373.26874,581.3989,359.38068
624.1954,375.98303,584.9004,360.24457
621.205,376.45935,581.3989,359.38068
618.29456,376.89185,577.8722,358.5105
615.4614,377.26837,574.3198,357.6341
612.702,377.5769,570.74164,356.75122
610.012,377.80603,567.13727,355.862
618.57965,368.5539,563.5064,354.9662
615.3171,367.74896,559.8489,354.06372
605.6111,378.6825,567.13727,355.862
603.1585,378.49677,563.5064,354.9662
600.7406,378.1858,559.8489,354.06372
598.34796,377.74353,556.16425,353.15472
598.65814,363.63885,552.45233,352.2389
600.38354,378.0194,548.7127,351.31628
598.65814,363.63885,544.9451,350.38678
595.2554,362.79932,541.14935,349.4502
593.34204,375.04028,537.3249,348.50665
590.93604,373.7621,548.7127,351.31628
588.4825,372.34497,544.9451,350.38678
581.3989,359.38068,541.14935,349.4502
590.41345,370.7785,537.32495,348.50665
587.8045,368.99615,533.47156,347.55597
585.1079,367.10107,529.58905,346.59802
574.3198,357.6341,525.6769,345.63287
570.74164,356.75122,521.7348,344.66028
576.40576,360.839,517.76245,343.68024
563.5064,354.9662,529.58905,346.59802
559.8489,354.06372,525.67694,345.63287
577.59985,356.68854,521.7348,344.66028
574.16473,354.36108,517.76245,343.68024
570.59515,352.02197,513.7595,342.69263
566.88995,349.6858,509.72565,341.69733
552.45233,352.2389,505.66046,340.69434
548.7127,351.31628,501.56354,339.68353
544.9451,350.38678,497.43448,338.66486
541.14935,349.4502,493.2731,337.63818
546.36285,338.56354,509.72565,341.69733
557.11383,340.50226,505.66046,340.69434
552.6336,338.62555,501.56348,339.68353
548.0482,336.85608,497.43448,338.66486
543.36566,335.20282,493.2731,337.63818
538.5943,333.6739,489.07883,336.60333
533.74365,332.27576,484.85135,335.56036
525.6769,345.63287,480.59027,334.50903
521.7348,344.66028,476.29514,333.44934
518.8133,328.91095,471.96564,332.3811
529.57404,332.20038,467.60126,331.30438
524.5985,331.5263,463.20163,330.21893
519.6058,330.98975,458.76633,329.12463
514.60614,330.5868,454.29486,328.02142
509.60947,330.31232,449.7868,326.90918
504.625,330.1599,445.24176,325.78784
505.66046,340.69434,445.24176,325.78784
501.56354,339.68353,440.65927,324.65723
489.83295,330.3501,436.03882,323.51727
493.2731,337.63818,431.3799,322.36774
500.82117,336.07214,426.6821,321.20874
496.23706,336.45795,421.94495,320.04004
501.56348,339.68353,417.16788,318.86145
497.43448,338.66486,427.6285,314.7478
493.2731,337.63818,428.57675,308.274
489.07883,336.60333,429.5269,301.7873
484.85135,335.56036,430.4789,295.28778
480.59027,334.50903,431.43286,288.7752
476.29514,333.44934,432.3887,282.24963
471.96564,332.3811,433.34644,275.71094
467.60126,331.30438,432.3887,282.24963
463.20163,330.21893,433.34644,275.71094
458.76633,329.12463,434.30612,269.15924
454.29486,328.02142,435.2677,262.59442
449.7868,326.90918,436.2312,256.01642
445.24176,325.78784,437.19666,249.4253
445.24176,325.78784,438.16406,242.8208
440.65927,324.65723,439.1334,236.20306
436.03882,323.51727,437.19666,249.4253
431.3799,322.36774,438.16406,242.8208
438.07858,321.97845,439.1334,236.20306
421.94495,320.04004,440.10468,229.57208
417.16788,318.86145,441.07794,222.92761
441.72797,316.29102,442.0531,216.2699
428.57675,308.274,443.03027,209.59863
444.74734,303.774,444.00946,202.91388
446.02853,297.4953,444.99057,196.2157
447.15283,291.20087,442.0531,216.2699
448.11896,284.88867,443.03027,209.59863
433.34644,275.71094,444.00946,202.91388
447.63977,285.2318,444.99057,196.2157
448.13943,278.86005,445.9737,189.50378
448.49173,272.4621,446.95877,182.77838
435.2677,262.59442,447.9459,176.0393
448.7813,259.57874,448.935,169.28662
448.73517,253.08868,449.92615,162.52002
438.16406,242.8208,441.22272,187.74792
439.1334,236.20306,436.43088,185.97693
437.19666,249.4253,431.5977,184.19067
438.16406,242.8208,426.72263,182.38892
439.1334,236.20306,421.80518,180.57147
440.10468,229.57208,416.8447,178.73816
441.07794,222.92761,411.84067,176.88873
442.0531,216.2699,406.79248,175.02307
443.03027,209.59863,401.6996,173.14075
444.00946,202.91388,396.5614,171.24182
444.99057,196.2157,416.8447,178.73816
442.0531,216.2699,411.84067,176.88873
443.03027,209.59863,406.79248,175.02307
444.00946,202.91388,401.69965,173.14075
444.99057,196.2157,396.56143,171.24182
445.9737,189.50378,391.37732,169.3258
446.95877,182.77838,386.14667,167.39258
447.9459,176.0393,380.86887,165.44202
448.935,169.28662,375.54318,163.47375
449.92615,162.52002,370.16913,161.48755
437.78906,173.84692,364.74588,159.48328
431.98166,173.06104,359.27286,157.46045
426.18088,172.3988,353.74933,155.41907
420.39572,171.84985,348.17462,153.35864
414.6344,171.40222,342.54797,151.27917
408.9045,171.0426,336.8687,149.1803
411.84067,176.88873,336.8687,149.1803
397.56506,170.53015,331.13608,147.06165
391.96643,170.34631,325.34927,144.92285
396.5614,171.24182,319.50757,142.7638
416.8447,178.73816,313.6102,140.58423
401.13168,179.21722,307.65634,138.38379
406.79248,175.02307,301.6451,136.16211
401.69965,173.14075,317.78485,139.92334
396.56143,171.24182,322.0012,139.25586
391.37732,169.3258,326.25995,138.58167
386.14667,167.39258,330.56165,137.90063
380.86887,165.44202,334.907,137.21265
375.54318,163.47375,339.2967,136.5177
370.16913,161.48755,343.73138,135.81567
364.74588,159.48328,339.2967,136.5177
359.27286,157.46045,343.73138,135.81567
353.74933,155.41907,348.21176,135.10632
348.17462,153.35864,352.73856,134.38965
342.54797,151.27917,357.31244,133.66553
336.8687,149.1803,361.93423,132.93396
336.8687,149.1803,366.60464,132.19458
331.13608,147.06165,371.32443,131.44739
325.34927,144.92285,361.93423,132.93396
319.50757,142.7638,366.60464,132.19458
326.1626,152.88,371.32443,131.44739
307.65634,138.38379,376.09442,130.69214
301.6451,136.16211,380.9154,129.92896
317.78485,139.92334,385.78818,129.15747
330.5037,156.67749,390.71362,128.3778
333.49814,156.94727,395.69257,127.58948
336.4551,157.03735,400.72592,126.792725
334.907,137.21265,385.78818,129.1576
342.31198,156.64062,390.71362,128.3778
345.2414,156.1388,395.69257,127.58948
339.2967,136.5177,400.72592,126.792725
342.22357,155.719,405.8145,125.98706
345.1777,154.60168,410.95935,125.17261
348.20026,153.27429,416.16132,124.34912
351.30746,151.74011,421.4213,123.51636
354.51584,150.00403,426.74042,122.674194
366.60464,132.19458,411.871,128.48169
371.32443,131.44739,417.864,130.95007
361.93423,132.93396,423.79465,133.39282
366.60464,132.19458,429.66385,135.81018
371.32443,131.44739,435.4725,138.20251
376.09442,130.69214,441.22162,140.57056
380.9154,129.92896,446.91208,142.9143
385.78818,129.15747,452.54477,145.23438
390.71362,128.3778,458.12054,147.53088
395.69257,127.58948,463.64032,149.80432
400.72592,126.792725,441.22162,140.57056
385.78818,129.1576,446.91208,142.9143
390.71362,128.3778,452.54477,145.23425
395.69257,127.58948,458.12054,147.53076
400.72592,126.792725,463.64032,149.80432
405.8145,125.98706,469.1049,152.05505
410.95935,125.17261,474.51508,154.28333
416.16132,124.34912,479.87177,156.48962
421.4213,123.51636,485.17563,158.67432
426.74042,122.674194,490.4275,160.8374
404.14145,116.421265,495.62814,162.97949
409.12503,120.69116,500.7783,165.10071
414.1331,125.00928,505.87872,167.20142
419.17563,129.35767,510.93008,169.28198
424.26175,133.71826,515.9331,171.34265
429.39948,138.07251,520.8885,173.38367
446.91208,142.9143,520.8885,173.38367
452.54477,145.23438,525.7969,175.40527
445.18518,150.91895,530.65906,177.40796
463.64032,149.80432,535.4755,179.39172
441.22162,140.57056,540.24695,181.35712
434.05002,152.08154,544.974,183.30402
439.94675,156.05603,549.65735,185.23297
458.12054,147.53076,535.101,181.8017
463.64032,149.80432,530.0045,182.24213
469.1049,152.05505,524.9567,182.6784
474.51508,154.28333,519.957,183.11047
479.87177,156.48962,515.00464,183.53839
485.17563,158.67432,510.09888,183.96234
490.4275,160.8374,505.23923,184.38232
495.62814,162.97949,495.6554,185.21045
500.7783,165.10071,500.42493,184.79834
505.87872,167.20142,505.23923,184.38232
510.93008,169.28198,510.09888,183.96234
515.9331,171.34265,515.00464,183.53839
520.8885,173.38367,519.957,183.11047
520.8885,173.38367,524.9567,182.6784
525.7969,175.40527,530.0045,182.24213
530.65906,177.40796,519.957,183.11047
535.4755,179.39172,524.9567,182.6784
547.1615,197.01685,530.0045,182.24213
544.974,183.30402,535.101,181.8017
558.19714,195.55872,540.24695,181.35712
535.101,181.8017,545.44305,180.90808
532.56287,200.64783,550.69006,180.45459
526.3456,201.27844,555.98865,179.9967
520.1613,201.72034,561.3397,179.53436
515.00464,183.53839,544.974,183.30402
510.09888,183.96234,549.65735,185.23297
505.23923,184.38232,554.29755,187.14417
495.6554,185.21045,558.89514,189.03778
500.42493,184.79834,563.45074,190.91418
505.23923,184.38232,567.96497,192.77344
510.09888,183.96234,572.4383,194.61597
515.00464,183.53839,576.8713,196.44183
519.957,183.11047,581.26465,198.25134
524.9567,182.6784,567.96497,192.7735
530.0045,182.24213,572.4383,194.61597
519.957,183.11047,576.8713,196.44183
524.9567,182.6784,581.26465,198.25134
530.0045,182.24213,585.6187,200.04474
535.101,181.8017,589.9341,201.82214
546.0245,163.01953,594.21124,203.5838
545.44305,180.90808,598.45074,205.32996
550.69006,180.45459,602.6531,207.06079
555.98865,179.9967,606.81866,208.77655
561.3397,179.53436,589.9341,201.82214
544.974,183.30402,594.21124,203.5838
547.6559,168.67004,598.45074,205.32996
551.00543,171.51746,602.6531,207.06079
554.34906,174.48694,606.8187,208.77655
563.45074,190.91418,610.9481,210.47742
561.0697,180.74384,615.04175,212.16345
564.4705,184.00488,619.1002,213.83502
576.8713,196.44183,623.1237,215.49225
571.4078,190.7201,627.1128,217.13531
557.28973,186.8374,631.068,218.7644
561.0693,190.3836,634.98975,220.37958
564.9225,193.93604,638.8783,221.98126
568.85547,197.47797,642.7342,223.56946
572.87274,200.99353,646.55786,225.14435
576.978,204.46716,650.34973,226.70605
594.21124,203.5838,650.34973,226.70612
598.45074,205.32996,654.11005,228.25482
589.83936,214.48547,657.8393,229.79095
606.81866,208.77655,661.5379,231.31427
589.9341,201.82214,665.2061,232.8252
582.636,215.36993,668.8444,234.32367
587.5366,218.24872,672.4531,235.81006
602.6531,207.06079,664.0468,239.2409
606.8187,208.77655,662.8898,245.64417
610.9481,210.47742,661.735,252.03503
615.04175,212.16345,660.5824,258.41345
619.1002,213.83502,659.43207,264.77954
623.1237,215.49225,658.28394,271.1333
627.1128,217.13531,657.1381,277.47473
631.068,218.7644,658.28394,271.1333
634.98975,220.37958,657.1381,277.47473
638.8783,221.98126,655.9944,283.8039
642.7342,223.56946,654.85297,290.1209
646.55786,225.14435,653.7137,296.4256
650.34973,226.70605,652.5766,302.71826
650.34973,226.70612,651.4418,308.99872
654.11005,228.25482,650.3091,315.26715
657.8393,229.79095,652.5766,302.71826
661.5379,231.31427,651.4418,308.99872
679.4752,235.82971,650.3091,315.26715
668.8444,234.32367,649.1786,321.5235
672.4531,235.81006,648.05023,327.76782
675.7915,242.72058,646.92413,334.00018
673.55536,249.16376,645.80005,340.22064
661.735,252.03503,644.6782,346.42914
668.8072,261.865,643.5585,352.62573
666.3192,268.12665,646.92413,334.00018
663.7724,274.33264,645.80005,340.22064
661.1802,280.4859,644.6783,346.42914
660.81946,274.09802,643.5585,352.62573
658.1698,280.18616,642.4409,358.8105
655.51666,286.23175,641.3255,364.9834
652.8744,292.23962,640.21216,371.1447
653.7137,296.4256,639.101,377.29413
647.67816,304.1615,637.99194,383.4319
651.4418,308.99872,646.10114,359.77612
650.3091,315.26715,649.7321,360.73407
652.5766,302.71826,653.3343,361.6844
651.4418,308.99872,656.90796,362.62714
650.3091,315.26715,660.4534,363.5625
649.1786,321.5235,663.97107,364.49054
648.05023,327.76782,667.4613,365.41125
646.92413,334.00018,670.92426,366.3249
645.80005,340.22064,674.36035,367.23138
644.6782,346.42914,677.7699,368.13092
643.5585,352.62573,663.97107,364.49054
646.92413,334.00018,667.4613,365.41125
645.80005,340.22064,670.92426,366.3249
644.6783,346.42914,674.36035,367.23138
643.5585,352.62573,677.7699,368.13092
633.8135,349.70593,681.1532,369.02344
641.3255,364.9834,684.51056,369.90924
640.21216,371.1447,687.8423,370.78815
639.101,377.29413,691.1486,371.66046
637.99194,383.4319,694.4298,372.52606
634.29535,357.72015,697.68634,373.38525
637.6316,360.18976,700.91833,374.2379
641.0593,362.64423,704.1261,375.0841
644.58044,365.06946,707.3099,375.92413
648.19556,367.45178,710.47,376.7578
651.904,369.77765,713.6066,377.58527
667.4613,365.41125,713.6066,377.58527
670.92426,366.3249,716.72015,378.40668
663.5672,376.29254,719.8107,379.222
677.7699,368.13092,722.87866,380.03137
654.5202,375.85754,725.9242,380.8349
658.8511,377.64972,728.9476,381.6325
670.92426,366.3249,731.949,382.42438
667.67804,380.83075,728.9476,381.6325
672.15576,382.2082,731.949,382.42438
676.663,383.43787,734.9287,383.21045
681.1889,384.51746,737.887,383.9909
685.7221,385.44574,740.8241,384.76575
690.2509,386.22308,743.7401,385.5351
694.4298,372.52606,746.63544,386.2989
697.68634,373.38525,739.74475,390.2528
700.91833,374.2379,738.66724,395.7307
704.1261,375.0841,737.5916,401.1991
707.3099,375.92413,736.51776,406.6582
710.47,376.7578,735.44574,412.10815
713.6066,377.58527,734.37555,417.54883
713.6066,377.58527,733.3071,422.9803
716.72015,378.40668,732.24066,428.40247
719.8107,379.222,734.37555,417.54883
722.87866,380.03137,733.3071,422.9803
725.9242,380.8349,732.24066,428.40247
728.9476,381.6325,731.17584,433.81555
731.949,382.42438,730.113,439.21942
728.9476,381.6325,729.05176,444.6142
731.949,382.42438,727.99243,449.99988
734.9287,383.21045,726.93475,455.37646
737.887,383.9909,725.8789,460.74396
741.83636,385.982,729.05176,444.6142
743.7401,385.5351,727.99243,449.99988
746.63544,386.2989,726.93475,455.37646
736.69006,390.81494,725.8789,460.74396
734.3132,396.01367,724.82495,466.10242
731.9829,401.20184,723.7727,471.45178
729.71075,406.38354,722.7223,476.79236
735.44574,412.10815,721.6735,482.12384
734.37555,417.54883,720.6265,487.44635
733.3071,422.9803,721.8682,465.62646
732.24066,428.40247,718.89044,465.14716
734.37555,417.54883,715.89136,464.66437
733.3071,422.9803,712.87067,464.17816
732.24066,428.40247,709.8282,463.68842
731.17584,433.81555,706.76373,463.1952
730.113,439.21942,703.677,462.69836
729.05176,444.6142,700.5678,462.1978
727.99243,449.99988,697.4358,461.69373
726.93475,455.37646,694.2808,461.1859
725.8789,460.74396,706.76373,463.1952
729.05176,444.6142,703.677,462.69836
727.99243,449.99988,700.5678,462.1978
726.93475,455.37646,697.4358,461.69373
725.8789,460.74396,694.2808,461.1859
714.47974,460.9912,691.1026,460.67426
723.7727,471.45178,687.9008,460.15894
722.7223,476.79236,684.6753,459.6397
721.6735,482.12384,681.4258,459.11664
720.6265,487.44635,678.1519,458.58966
721.8682,465.62646,677.08215,464.24567
718.89044,465.14716,676.0142,469.89166
715.89136,464.66437,674.9483,475.52765
712.87067,464.17816,673.8842,481.15356
709.8282,463.68842,672.822,486.7696
706.76373,463.1952,671.76166,492.37567
703.677,462.69836,671.76166,492.37567
700.5678,462.1978,670.7032,497.9718
697.4358,461.69373,669.6466,503.55804
694.2808,461.1859,668.59186,509.13458
706.76373,463.1952,667.53906,514.7011
703.677,462.69836,666.48804,520.25793
700.5678,462.1978,665.4389,525.8049
697.4358,461.69373,666.48804,520.2579
694.2808,461.1859,665.4389,525.80493
691.1026,460.67426,664.3916,531.34216
687.9008,460.15894,663.3461,536.8697
684.6753,459.6397,662.3025,542.3875
681.4258,459.11664,661.2607,547.8957
692.46924,460.8228,660.2207,553.39417
677.08215,464.24567,665.5917,542.59937
676.0142,469.89166,668.8568,542.80975
674.9483,475.52765,672.09814,543.0185
673.8842,481.15356,675.31573,543.22577
672.822,486.7696,678.51013,543.4316
671.76166,492.37567,681.6815,543.63586
671.76166,492.37567,684.82996,543.8386
670.7032,497.9718,687.95593,544.04004
669.6466,503.55804,681.6815,543.63586
668.59186,509.13458,684.82996,543.8387
667.53906,514.7011,687.9559,544.04
666.48804,520.25793,691.0594,544.2399
665.4389,525.8049,694.1409,544.4384
666.48804,520.2579,697.20056,544.63556
665.4389,525.80493,700.2385,544.8312
664.3916,531.34216,703.25507,545.0256
663.3461,536.8697,706.2505,545.2185
672.1952,534.2481,697.20056,544.6355
661.2607,547.8957,700.2385,544.83124
660.2207,553.39417,703.255,545.0255
673.1339,531.4719,706.2505,545.2185
668.8568,542.80975,709.22485,545.4101
672.09814,543.0185,712.17865,545.60046
679.8382,530.23584,715.1118,545.7893
678.51013,543.4316,718.0248,545.9769
681.6815,543.63586,720.91754,546.16327
684.82996,543.8386,708.1987,550.627
687.95593,544.04004,707.17426,555.83527
681.6815,543.63586,706.15155,561.0348
684.82996,543.8387,705.13043,566.22577
687.9559,544.04,704.1111,571.4082
691.0594,544.2399,703.0933,576.58203
694.1409,544.4384,702.07733,581.74725
697.20056,544.63556,701.0629,586.90393
700.2385,544.8312,700.05035,592.0521
703.25507,545.0256,699.03925,597.19183
706.2505,545.2185,703.0933,576.58203
697.20056,544.6355,702.07733,581.74725
700.2385,544.83124,701.0629,586.90393
703.255,545.0255,700.05035,592.0521
706.2505,545.2185,699.03937,597.19183
702.3983,545.0701,698.02997,602.3231
712.17865,545.60046,697.02234,607.4459
715.1118,545.7893,696.0163,612.5603
718.0248,545.9769,695.01196,617.6662
720.91754,546.16327,694.0092,622.7638
708.1987,550.627,696.97906,622.6854
707.17426,555.83527,699.9285,622.6076
706.15155,561.0348,702.85785,622.5303
705.13043,566.22577,705.76715,622.45355
704.1111,571.4082,708.65674,622.37726
703.0933,576.58203,711.52673,622.3015
702.07733,581.74725,711.52673,622.3015
701.0629,586.90393,714.3774,622.2263
700.05035,592.0521,717.20886,622.15155
699.03925,597.19183,720.0214,622.0774
703.0933,576.58203,722.8151,622.00366
702.07733,581.74725,725.5902,621.9304
701.0629,586.90393,728.347,621.85767
700.05035,592.0521,725.5902,621.9304
699.03937,597.19183,728.347,621.85767
698.02997,602.3231,731.08545,621.7854
697.02234,607.4459,733.80585,621.7136
696.0163,612.5603,736.5084,621.64233
695.01196,617.6662,739.1933,621.5715
700.9333,633.3038,741.8607,621.5011
696.97906,622.6854,732.2192,620.4595
699.9285,622.6076,727.95905,619.28455
702.85785,622.5303,723.72766,618.1176
705.76715,622.45355,719.52466,616.9585
708.65674,622.37726,715.35,615.8071
711.52673,622.3015,711.20306,614.6635
711.52673,622.3015,707.08386,613.52747
714.3774,622.2263,702.99194,612.39905
717.20886,622.15155,711.20306,614.6635
720.0214,622.0774,707.08386,613.52747
722.8151,622.00366,702.99194,612.39905
725.5902,621.9304,698.9271,611.278
728.347,621.85767,694.88904,610.16437
725.5902,621.9304,690.87756,609.05804
728.347,621.85767,686.89233,607.95905
731.08545,621.7854,682.93317,606.8671
733.80585,621.7136,678.9997,605.78235
729.3302,627.1671,690.87756,609.05804
739.1933,621.5715,686.89233,607.95905
741.8607,621.5011,682.93317,606.8671
725.11957,622.51294,678.9997,605.78235
721.0201,620.1186,675.0918,604.70465
717.0162,617.73096,671.2091,603.63385
713.1055,615.3627,667.3515,602.57
709.28516,613.026,663.5186,601.51294
705.55164,610.73315,659.7103,600.46265
701.9005,608.49554,671.2091,603.63385
698.3271,606.32416,667.3515,602.57
707.1545,607.5695,663.5186,601.51294
703.63983,605.52795,659.7103,600.46265
700.1859,603.582,655.9264,599.41907
696.7864,601.73914,652.16644,598.38214
693.43445,600.006,648.43036,597.3518
690.1232,598.38794,644.71783,596.32794
686.8456,596.8894,641.0289,595.31067
682.93317,606.8671,637.36304,594.2996
678.9997,605.78235,653.14825,599.4173
690.87756,609.05804,650.3531,599.41547
686.89233,607.95905,647.54047,599.4137
682.93317,606.8671,644.7103,599.41187
678.9997,605.78235,641.8626,599.41003
675.0918,604.70465,638.99695,599.4082
671.2091,603.63385,636.11334,599.4063
667.3515,602.57,633.2115,599.4045
663.5186,601.51294,630.29126,599.4025
659.7103,600.46265,627.35266,599.4007
671.2091,603.63385,624.3952,599.39874
667.3515,602.57,621.4189,599.39685
663.5186,601.51294,618.42365,599.3949
659.7103,600.46265,615.409,599.39294
651.1184,609.4929,612.375,599.39105
652.16644,598.38214,609.32135,599.38904
648.43036,597.3518,616.19635,600.4851
644.71783,596.32794,620.04346,601.5866
641.0289,595.31067,623.9165,602.6955
637.36304,594.2996,627.8159,603.8119
653.14825,599.4173,631.7418,604.936
650.3531,599.41547,635.6946,606.0676
647.54047,599.4137,639.6743,607.20715
644.7103,599.41187,635.6946,606.0676
641.8626,599.41003,639.6743,607.20715
638.99695,599.4082,643.6816,608.35443
636.11334,599.4063,647.7164,609.50964
633.2115,599.4045,651.7792,610.67285
630.29126,599.4025,655.8702,611.8441
627.35266,599.4007,659.9896,613.0236
624.3952,599.39874,655.8702,611.8441
621.4189,599.39685,659.9896,613.0236
618.42365,599.3949,664.13794,614.2113
615.409,599.39294,668.31537,615.40735
609.2153,611.20306,672.5223,616.6118
609.32135,599.38904,676.7589,617.8248
611.63947,611.8069,681.0256,619.04645
614.8471,612.5102,685.32263,620.27673
618.134,613.1096,676.7589,617.8248
621.50653,613.6094,681.0256,619.04645
624.971,614.01465,685.32263,620.27673
628.5326,614.3319,689.65045,621.5158
632.1959,614.5685,694.0092,622.7638
627.98224,612.38806,698.3994,624.02075
631.8009,612.4792,702.82135,625.28674
635.7297,612.5178,707.27527,626.562
647.7164,609.50964,711.7617,627.8465
651.7792,610.67285,693.00824,627.853
655.8702,611.8441,692.0088,632.9339
659.9896,613.0236,691.011,638.0064
655.8702,611.8441,690.0149,643.0706
659.9896,613.0236,689.0203,648.1266
664.13794,614.2113,688.02747,653.17426
668.31537,615.40735,687.03613,658.2137
672.5223,616.6118,686.0465,663.24493
676.7589,617.8248,685.0585,668.2679
681.0256,619.04645,688.02747,653.17426
685.32263,620.27673,687.03613,658.2137
676.7589,617.8248,686.0465,663.2449
681.0256,619.04645,685.0585,668.2679
685.32263,620.27673,684.0721,673.2827
689.65045,621.5158,683.0873,678.28937
684.3821,622.30115,682.104,683.2879
698.3994,624.02075,681.12244,688.2783
702.82135,625.28674,680.1424,693.26056
707.27527,626.562,679.1639,698.23474
711.7617,627.8465,683.0873,678.28937
688.94824,629.0043,682.104,683.2879
689.2295,634.4375,681.12244,688.2783
689.53864,639.852,680.14233,693.2606
689.8623,645.24304,679.16394,698.2348
689.0203,648.1266,676.1592,698.57117
688.02747,653.17426,673.1337,698.90985
687.03613,658.2137,670.0875,699.25085
686.0465,663.24493,667.0202,699.59424
685.0585,668.2679,663.9316,699.94006
688.02747,653.17426,660.8214,700.2882
687.03613,658.2137,657.6895,700.6388
686.0465,663.2449,654.53564,700.9919
685.0585,668.2679,651.3596,701.3474
684.0721,673.2827,648.1611,701.7055
683.0873,678.28937,644.9398,702.06616
682.104,683.2879,644.9398,702.06616
681.12244,688.2783,641.69574,702.4293
680.1424,693.26056,638.42847,702.79504
679.1639,698.23474,635.1377,703.16345
683.0873,678.28937,631.8233,703.5345
682.104,683.2879,628.48505,703.9082
681.12244,688.2783,625.12256,704.28467
680.14233,693.2606,628.48505,703.9082
687.025,708.01086,625.12256,704.28467
684.76526,707.47107,621.7356,704.6638
682.4003,706.8372,618.3239,705.0457
679.9229,706.1179,614.88727,705.4304
677.32654,705.3237,611.4253,705.818
674.606,704.46545,607.9379,706.2084
671.75696,703.55493,611.4253,705.818
668.7761,702.6046,607.9379,706.2084
665.6616,701.62744,604.42456,706.6017
662.4125,700.637,600.88513,706.9979
659.02905,699.647,597.31934,707.39716
655.5129,698.671,593.7268,707.7993
655.1026,697.37354,590.10724,708.2045
641.69574,702.4293,586.4604,708.6128
647.4842,695.6194,593.7268,707.7993
643.49945,694.837,590.10724,708.2045
639.40656,694.1339,586.4604,708.6128
635.2133,693.5215,582.78595,709.0242
630.928,693.01025,579.08356,709.4386
633.3028,691.93835,575.35284,709.8562
628.9129,691.65704,571.5936,710.2771
621.7356,704.6638,567.8054,710.7012
618.3239,705.0457,563.988,711.12854
615.41296,691.5879,575.35284,709.8562
610.83887,691.8387,571.5936,710.2771
606.246,692.23083,567.8054,710.7012
608.649,692.0846,563.98804,711.12854
604.1034,692.753,560.141,711.55914
599.5709,693.5596,556.2641,711.99316
595.06146,694.5008,552.3569,712.43066
597.31934,707.39716,548.419,712.87146
593.7268,707.7993,544.45013,713.3158
581.7599,698.07947,556.2641,711.99316
586.4604,708.6128,552.3569,712.43054
584.11273,699.8962,548.419,712.87146
579.9937,701.4847,544.45013,713.31573
575.9478,703.1505,540.4499,713.76355
571.9785,704.8821,536.4179,714.21497
568.08826,706.6672,532.3538,714.66986
575.35284,709.8562,528.2572,715.1285
571.5936,710.2771,524.1277,715.5908
567.8054,710.7012,519.9649,716.05676
563.988,711.12854,536.4179,714.21497
565.0677,714.17834,532.3538,714.66986
561.76447,715.96814,528.2572,715.1285
558.5307,717.7166,524.1277,715.5908
555.3609,719.41064,519.9649,716.0568
560.141,711.55914,520.9683,710.1964
556.2641,711.99316,521.97363,704.32477
552.3569,712.43066,522.98083,698.4418
548.419,712.87146,523.99005,692.5475
544.45013,713.3158,525.00116,686.6419
556.2641,711.99316,526.0143,680.7249
552.3569,712.43054,527.0293,674.79645
548.419,712.87146,528.0463,668.85657
544.45013,713.31573,529.06525,662.9052
540.4499,713.76355,530.0862,656.9423
536.4179,714.21497,531.1091,650.96783
532.3538,714.66986,531.1091,650.96783
528.2572,715.1285,532.134,644.9818
524.1277,715.5908,533.1609,638.9842
519.9649,716.05676,534.18976,632.9749
536.4179,714.21497,535.22064,626.95386
532.3538,714.66986,536.25354,620.9212
528.2572,715.1285,537.2884,614.8768
524.1277,715.5908,536.25354,620.9212
532.5774,715.9955,537.2884,614.8768
532.6922,709.71216,538.3254,608.8205
532.69073,703.4363,539.36426,602.7524
532.5833,697.1707,540.4053,596.6725
532.3809,690.91797,541.44824,590.5806
532.09564,684.6802,542.49335,584.4768
531.7403,678.45905,541.44824,590.5806
531.32794,672.256,542.49335,584.4768
530.8731,666.0721,543.5404,578.36115
530.3897,659.9082,544.5896,572.2334
529.8926,653.76447,545.6408,566.0937
529.39636,647.641,546.6941,559.94183
527.90906,647.44135,547.74945,553.7779
532.134,644.9818,548.8069,547.6018
527.05273,635.31934,546.6941,559.94183
526.7063,629.28644,547.74945,553.77795
526.43256,623.2705,548.8069,547.6018
526.2449,617.27014,549.8664,541.4136
526.1554,611.28357,550.928,535.2131
524.1471,617.3013,551.9917,529.00037
524.28375,611.3736,553.05756,522.7753
538.3254,608.8205,554.1254,516.53796
524.95435,599.5432,555.1955,510.28833
540.4053,596.6725,555.0855,535.48083
541.44824,590.5806,559.2088,535.7466
542.49335,584.4768,563.29834,536.00995
541.44824,590.5806,567.35443,536.27124
542.49335,584.4768,571.3775,536.53033
543.5404,578.36115,575.3681,536.7875
544.5896,572.2334,579.3264,537.0424
545.6408,566.0937,583.25287,537.2954
546.6941,559.94183,587.148,537.5462
547.74945,553.7779,575.36804,536.7874
548.8069,547.6018,579.3264,537.0425
546.6941,559.94183,583.25287,537.2953
547.74945,553.77795,587.148,537.5462
548.8069,547.6018,591.012,537.79517
549.8664,541.4136,594.84546,538.0421
539.38745,538.9848,598.6485,538.2871
551.9917,529.00037,602.4216,538.53015
553.05756,522.7753,606.1651,538.77124
554.1254,516.53796,609.87933,539.01056
555.1955,510.28833,594.84546,538.0421
555.0855,535.48083,598.6485,538.2872
559.2088,535.7466,602.4216,538.53015
555.9467,548.53656,606.1651,538.77124
560.9587,549.59766,609.8794,539.0105
571.3775,536.53033,610.9354,533.16583
575.3681,536.7875,611.9936,527.3103
579.3264,537.0424,613.05365,521.4437
583.25287,537.2954,614.11566,515.56635
587.148,537.5462,615.1797,509.67798
575.36804,536.7874,616.24567,503.77856
579.3264,537.0425,617.31366,497.86823
583.25287,537.2953,618.3836,491.94666
587.148,537.5462,619.4557,486.01404
591.012,537.79517,620.52966,480.07037
594.84546,538.0421,621.6057,474.11548
598.6485,538.2871,621.6057,474.11548
602.4216,538.53015,622.6837,468.14948
606.1651,538.77124,623.76385,462.17218
609.87933,539.01056,624.8459,456.1836
594.84546,538.0421,625.93005,450.18384
598.6485,538.2872,627.01624,444.17267
602.4216,538.53015,628.1045,438.1502
615.59875,539.41327,622.227,449.5877
609.8794,539.0105,618.4943,448.98694
610.9354,533.16583,614.7317,448.38123
611.9936,527.3103,610.93884,447.7707
613.05365,521.4437,607.11523,447.15527
614.11566,515.56635,603.2606,446.5348
615.1797,509.67798,599.3746,445.9093
616.24567,503.77856,603.2606,446.5348
617.31366,497.86823,599.3746,445.9093
618.3836,491.94666,595.4567,445.2787
619.4557,486.01404,591.5067,444.64288
620.52966,480.07037,587.52405,444.00177
621.6057,474.11548,583.5084,443.3554
621.6057,474.11548,579.45935,442.7036
622.6837,468.14948,575.3764,442.04645
623.76385,462.17218,583.50836,443.3554
624.8459,456.1836,579.45935,442.70367
627.30963,435.0431,575.3764,442.04645
627.01624,444.17267,571.2592,441.38373
628.1045,438.1502,567.1074,440.7154
619.978,435.07263,562.9204,440.04144
615.0669,434.93958,558.6978,439.3617
614.7317,448.38123,554.4392,438.6762
605.27075,435.08673,550.14417,437.98492
607.11523,447.15527,568.20337,434.3145
603.2606,446.5348,569.30145,427.90076
599.3746,445.9093,570.4018,421.47412
603.2606,446.5348,571.50433,415.0345
599.3746,445.9093,572.60913,408.58197
595.4567,445.2787,573.71606,402.11652
591.5067,444.64288,574.8253,395.63782
587.52405,444.00177,575.93677,389.14618
583.5084,443.3554,577.05054,382.64142
579.45935,442.7036,573.71606,402.11652
575.3764,442.04645,574.8253,395.63782
583.50836,443.3554,575.93677,389.14618
579.45935,442.70367,577.05054,382.64142
575.3764,442.04645,578.16644,376.12347
571.2592,441.38373,579.2847,369.59222
567.4856,440.71106,580.4053,363.04785
562.9204,440.04144,581.528,356.49017
558.6978,439.3617,582.6531,349.91913
554.4392,438.6762,583.7804,343.33478
550.14417,437.98492,579.2847,369.59222
576.2647,435.42883,580.4053,363.04785
578.7308,429.14996,581.52795,356.49017
581.10254,422.85553,582.6531,349.91913
583.3665,416.5459,583.7804,343.33478
572.60913,408.58197,579.6008,342.23212
573.71606,402.11652,575.3853,341.12006
574.8253,395.63782,571.1332,339.99823
575.93677,389.14618,566.84406,338.8667
577.05054,382.64142,562.51746,337.72522
573.71606,402.11652,558.15283,336.5738
574.8253,395.63782,553.7497,335.41217
575.93677,389.14618,549.3076,334.2403
577.05054,382.64142,544.826,333.05792
578.16644,376.12347,540.3043,331.865
579.2847,369.59222,535.74207,330.66144
580.4053,363.04785,535.74207,330.66144
581.528,356.49017,531.1386,329.44696
582.6531,349.91913,526.49347,328.2215
583.7804,343.33478,521.8061,326.98486
579.2847,369.59222,517.07587,325.737
580.4053,363.04785,512.3021,324.47754
581.52795,356.49017,507.48447,323.20654
582.6531,349.91913,512.3021,324.47754
596.3678,337.58124,507.48447,323.20654
591.9083,334.90192,502.6221,321.92383
587.28784,332.27515,497.71445,320.62903
582.51025,329.7176,492.76086,319.3222
577.5803,327.24426,487.76068,318.00305
562.51746,337.72522,482.71335,316.67145
567.2902,322.60828,487.76068,318.00305
561.9456,320.47144,482.71335,316.67145
556.4805,318.47046,477.6181,315.32727
550.9047,316.6145,472.47427,313.9702
545.2294,314.91162,467.28116,312.60022
539.4657,313.36804,462.0381,311.21698
535.74207,330.66144,456.74426,309.82037
531.1386,329.44696,451.39893,308.41028
526.45306,311.04193,462.0381,311.21698
520.50055,310.1692,456.74426,309.82037
514.52106,309.45923,451.399,308.41022
508.5266,308.90723,446.0015,306.98627
507.48447,323.20654,440.5511,305.5484
506.2178,310.91425,435.0469,304.09625
507.48447,323.20654,429.48813,302.6297
502.6221,321.92383,423.87396,301.14862
488.665,310.93628,418.20364,299.65265
482.89514,311.1554,435.0469,304.09625
477.17828,311.45758,429.48813,302.6297
482.71335,316.67145,423.87396,301.14862
476.0618,314.92126,418.20364,299.65265
470.6318,315.3833,412.47626,298.14172
465.27432,315.86182,406.69095,296.61542
472.47427,313.9702,400.84686,295.07367
467.28116,312.60022,394.94305,293.5161
449.6477,317.2198,388.9786,291.94263
456.74426,309.82037,406.69095,296.61542
451.39893,308.41028,400.84686,295.07367
450.67673,322.10443,394.94305,293.5161
445.96326,322.2185,388.9786,291.94263
441.30557,322.21082,382.95264,290.35284
436.69604,322.06592,376.86414,288.74658
440.5511,305.5484,370.71213,287.12354
435.0469,304.09625,364.4956,285.48358
429.48813,302.6297,358.2136,283.82623
423.87396,301.14862,351.86502,282.15137
418.20364,299.65265,381.83896,298.35962
435.0469,304.09625,380.728,306.34692
429.48813,302.6297,379.61975,314.31458
423.87396,301.14862,378.51422,322.26276
418.20364,299.65265,377.4114,330.19165
412.47626,298.14172,376.31125,338.1012
406.69095,296.61542,375.21378,345.99146
400.84686,295.07367,374.11896,353.86255
394.94305,293.5161,373.02682,361.7146
388.9786,291.94263,371.93732,369.54755
406.69095,296.61542,370.85046,377.36157
400.84686,295.07367,369.76624,385.15662
394.94305,293.5161,368.68463,392.93304
388.9786,291.94263,367.6056,400.69055
400.74597,294.2176,366.5292,408.42932
376.86414,288.74658,365.45538,416.14954
370.71213,287.12354,372.52966,409.3952
364.4956,285.48358,378.46988,410.35138
358.2136,283.82623,384.35083,411.29803
351.86502,282.15137,390.17334,412.23523
381.83896,298.35962,395.93832,413.1632
380.728,306.34692,401.6466,414.08203
379.61975,314.31458,407.299,414.99188
378.51422,322.26276,401.6466,414.08203
377.4114,330.19165,407.299,414.99188
376.31125,338.1012,412.89636,415.89282
375.21378,345.99146,418.43945,416.7851
374.11896,353.86255,423.92908,417.6687
373.02682,361.7146,429.366,418.54388
371.93732,369.54755,434.75104,419.41064
370.85046,377.36157,429.366,418.54388
369.76624,385.15662,434.75104,419.41064
368.68463,392.93304,440.08478,420.26923
367.6056,400.69055,445.36807,421.11963
367.49234,389.0312,450.60162,421.96204
365.45538,416.14954,455.78616,422.79663
371.08838,390.73376,460.9222,423.6233
378.46988,410.35138,466.01065,424.44232
380.5618,394.17578,455.78616,422.79663
385.26074,396.12256,460.9222,423.6233
389.95087,398.20483,466.01065,424.44232
394.64386,400.4095,471.05206,425.25385
399.35043,402.72302,476.047,426.05786
392.85193,403.232,480.9962,426.85455
397.72528,405.75323,485.9003,427.64392
412.89636,415.89282,490.75986,428.4261
407.5986,410.9666,495.57556,429.2013
412.61258,413.6258,480.9962,426.85455
417.6859,416.2968,485.9003,427.64392
422.82285,418.96326,490.75986,428.42615
417.3288,419.91718,495.57556,429.2013
422.70206,422.55615,500.3479,429.96948
428.1439,425.14008,505.07748,430.73077
433.65414,427.65265,509.76498,431.4853
450.60162,421.96204,514.4108,432.23303
444.87396,432.40588,519.0156,432.97437
460.9222,423.6233,501.44638,423.12476
466.01065,424.44232,502.54727,416.26538
455.78616,422.79663,503.6504,409.3913
460.9222,423.6233,504.756,402.50244
466.01065,424.44232,505.86392,395.59882
471.05206,425.25385,506.9743,388.68036
476.047,426.05786,508.087,381.7469
480.9962,426.85455,509.2021,374.79846
485.9003,427.64392,510.31967,367.83514
490.75986,428.4261,511.4396,360.85663
495.57556,429.2013,506.9743,388.68036
480.9962,426.85455,508.087,381.7469
485.9003,427.64392,509.20215,374.79846
490.75986,428.42615,510.31967,367.83514
495.57556,429.2013,511.4396,360.8567
517.1927,432.60327,512.562,353.86304
505.07748,430.73077,513.6868,346.85437
509.76498,431.4853,514.8141,339.8305
514.4108,432.23303,515.9437,332.79132
519.0156,432.97437,517.07587,325.737
501.44638,423.12476,512.15063,325.49023
502.54727,416.26538,507.27176,325.2458
503.6504,409.3913,502.43848,325.00372
504.756,402.50244,497.65024,324.76385
505.86392,395.59882,492.90637,324.52618
506.9743,388.68036,488.20624,324.2907
508.087,381.7469,488.20624,324.2907
509.2021,374.79846,483.54935,324.0575
510.31967,367.83514,478.93497,323.8263
511.4396,360.85663,474.36267,323.5973
506.9743,388.68036,469.83167,323.37024
508.087,381.7469,465.34158,323.1454
509.20215,374.79846,460.89185,322.9225
510.31967,367.83514,465.34158,323.1454
511.4396,360.8567,460.89185,322.92242
512.562,353.86304,456.48187,322.7016
513.6868,346.85437,452.1111,322.48254
514.8141,339.8305,447.7791,322.26562
515.9437,332.79132,443.48526,322.05048
517.07587,325.737,439.22913,321.83734
500.33154,321.23706,443.48526,322.05048
495.86423,319.28674,439.22913,321.83734
491.55322,317.4146,435.01025,321.62598
487.39258,315.63647,430.82806,321.4165
483.37543,313.96735,426.6821,321.20874
479.49353,312.42096,422.57196,321.00287
488.20624,324.2907,418.4971,320.79877
483.54935,324.0575,414.45712,320.59637
473.15497,308.79333,422.57196,321.00287
469.6776,307.83807,418.4971,320.79877
466.2839,307.0509,414.45712,320.59637
462.96243,306.4356,410.45157,320.39575
460.89185,322.9225,406.47998,320.19678
465.38837,306.01874,402.54196,319.99945
460.89185,322.92242,398.63702,319.80383
456.48187,322.7016,394.76483,319.60986
455.67535,306.23297,390.92493,319.41754
452.4533,306.63074,402.54196,319.99945
449.22037,307.17957,398.63702,319.80383
439.22913,321.83734,394.76483,319.60986
451.19852,309.00134,390.92493,319.41754
447.7966,309.9489,387.11694,319.2268
444.34613,311.00385,383.34045,319.03766
430.82806,321.4165,379.59506,318.84998
426.6821,321.20874,375.88037,318.66394
433.6345,314.67474,372.19608,318.47937
418.4971,320.79877,383.34045,319.03766
414.45712,320.59637,379.59506,318.84998
434.43585,319.37018,375.88037,318.66394
430.38376,320.78302,372.19608,318.47937
426.25232,322.18268,368.54178,318.29626
422.0422,323.5542,364.91705,318.1147
406.47998,320.19678,361.32162,317.93463
402.54196,319.99945,357.75507,317.75592
398.63702,319.80383,354.21707,317.57867
394.76483,319.60986,350.70734,317.4029
399.90735,329.4873,364.91705,318.1147
410.71024,331.35168,361.32162,317.93463
405.91745,332.15674,357.75507,317.75592
401.08804,332.83405,354.2171,317.57867
396.2309,333.37585,350.70737,317.4029
387.11694,319.2268,351.50873,311.45422
383.34045,319.03766,352.31152,305.4947
379.59506,318.84998,353.11584,299.52423
375.88037,318.66394,353.92163,293.5429
372.19608,318.47937,354.7289,287.55048
383.34045,319.03766,355.53763,281.54712
379.59506,318.84998,356.34787,275.53265
375.88037,318.66394,357.15958,269.5072
372.19608,318.47937,357.97278,263.47058
368.54178,318.29626,358.7875,257.42297
364.91705,318.1147,359.60373,251.36401
361.32162,317.93463,359.60373,251.36401
357.75507,317.75592,360.42145,245.29395
354.21707,317.57867,361.24072,239.2127
350.70734,317.4029,362.06143,233.12018
364.91705,318.1147,362.88373,227.0163
361.32162,317.93463,363.70752,220.90125
357.75507,317.75592,364.53287,214.77472
354.2171,317.57867,363.70752,220.90125
344.79245,317.5694,364.53284,214.77472
344.29834,311.41406,365.35968,208.63678
343.87405,305.2379,366.1881,202.48761
343.5317,299.04156,367.01804,196.3269
343.28302,292.82587,367.84952,190.15472
343.13922,286.59222,368.68256,183.97107
355.53763,281.54712,362.34433,194.74103
356.34787,275.53265,357.63376,193.14264
357.15958,269.5072,352.8859,191.53162
357.97278,263.47058,348.10028,189.90771
358.7875,257.42297,343.27646,188.27087
359.60373,251.36401,338.41397,186.62097
359.60373,251.36401,333.51236,184.9577
360.42145,245.29395,328.5711,183.28107
361.24072,239.2127,338.41397,186.62097
362.06143,233.12018,333.51236,184.9577
362.88373,227.0163,328.57114,183.28107
363.70752,220.90125,323.5898,181.59082
364.53287,214.77472,318.56796,179.88684
363.70752,220.90125,313.505,178.16882
364.53284,214.77472,308.40048,176.4367
365.35968,208.63678,303.25388,174.69043
366.1881,202.48761,298.06467,172.92957
367.01804,196.3269,313.505,178.16882
367.84952,190.15472,308.4005,176.4367
368.68256,183.97107,303.25388,174.69043
362.34433,194.74103,298.06467,172.92957
350.49466,205.7992,292.83228,171.15417
346.36722,205.0824,287.55618,169.36389
342.26602,204.22375,282.23587,167.55847
343.27646,188.27087,276.87082,165.73804
338.41397,186.62097,271.46033,163.9021
333.51236,184.9577,287.55618,169.36389
328.5711,183.28107,282.23587,167.55847
338.41397,186.62097,276.87082,165.73804
332.70438,200.54498,271.46033,163.9021
328.68182,198.56,266.00394,162.05078
324.6166,196.40137,260.501,160.18347
320.49924,194.07135,254.95099,158.3003
313.505,178.16882,249.3532,156.40088
308.40048,176.4367,243.70706,154.48499
303.25388,174.69043,238.01193,152.55249
298.06467,172.92957,260.501,160.18347
313.505,178.16882,254.95099,158.3003
315.07178,183.85748,249.35316,156.40088
310.51364,180.62927,243.70706,154.48499
305.83774,177.3092,238.01193,152.55249
292.83228,171.15417,241.46703,152.0055
287.55618,169.36389,244.95349,151.45349
282.23587,167.55847,248.4718,150.89648
276.87082,165.73804,252.0224,150.33435
271.46033,163.9021,255.60567,149.76709
287.55618,169.36389,259.2221,149.19458
282.23587,167.55847,262.8722,148.6167
276.87082,165.73804,266.55637,148.03345
271.46033,163.9021,270.2751,147.4447
266.00394,162.05078,274.0289,146.85046
260.501,160.18347,277.81827,146.25061
254.95099,158.3003,277.8183,146.25061
249.3532,156.40088,281.64374,145.6449
243.70706,154.48499,285.50577,145.03357
238.01193,152.55249,289.40494,144.41626
260.501,160.18347,293.34177,143.79297
254.95099,158.3003,297.31677,143.1637
249.35316,156.40088,301.33054,142.52832
243.70706,154.48499,297.31677,143.1637
223.80884,146.00842,301.33054,142.52832
241.46703,152.0055,305.38367,141.8866
231.65741,141.59033,309.47665,141.23865
235.84111,139.49292,313.6102,140.58423
240.19016,137.4928,317.78485,139.92334
244.69724,135.60535,322.0012,139.25586
259.2221,149.19458,319.50757,142.7638
262.8722,148.6167,325.34927,144.92285
266.55637,148.03345,331.13608,147.06165
270.2751,147.4447,336.8687,149.1803
274.0289,146.85046,342.54797,151.27917
277.81827,146.25061,348.17462,153.35864
277.8183,146.25061,353.74933,155.41907
281.64374,145.6449,359.27286,157.46045
285.50577,145.03357,348.17462,153.35864
289.40494,144.41626,353.74933,155.41907
293.34177,143.79297,359.27286,157.46045
297.31677,143.1637,364.74588,159.48328
301.33054,142.52832,370.16913,161.48755
297.31677,143.1637,375.54318,163.47375
301.33054,142.52832,380.86884,165.44202
305.38367,141.8866,386.14667,167.39258
309.47665,141.23865,391.37732,169.3258
313.6102,140.58423,375.54318,163.47375
317.78485,139.92334,380.86887,165.44202
322.0012,139.25586,386.14667,167.39258
319.50757,142.7638,391.37732,169.3258
319.6035,162.96936,396.56143,171.24182
326.29642,165.42297,401.69965,173.14075
336.8687,149.1803,406.79248,175.02307
339.67444,169.73267,411.84067,176.88873
346.34174,171.5907,416.8447,178.73816
353.74933,155.41907,401.69965,173.14075
359.5852,174.73047,406.79248,175.02307
348.17462,153.35864,411.84067,176.88873
356.20694,171.27576,416.8447,178.73816
362.78128,172.26514,421.80518,180.57147
369.27545,173.09973,426.72263,182.38892
370.16913,161.48755,431.5977,184.19067
381.98267,174.35669,436.43088,185.97693
380.86884,165.44202,441.22272,187.74792
386.14667,167.39258,445.9737,189.50378
391.37732,169.3258,426.72263,182.38892
375.54318,163.47375,431.5977,184.19067
390.8157,168.0747,436.43088,185.97693
396.53156,168.24438,441.22272,187.74792
402.09573,168.40442,445.9737,189.50378
396.56143,171.24182,444.99057,196.2157
401.69965,173.14075,444.00946,202.91388
406.79248,175.02307,443.03027,209.59863
411.84067,176.88873,442.0531,216.2699
416.8447,178.73816,441.07794,222.92761
401.69965,173.14075,440.10468,229.57208
406.79248,175.02307,439.1334,236.20306
411.84067,176.88873,438.16406,242.8208
416.8447,178.73816,437.19666,249.4253
421.80518,180.57147,436.2312,256.01642
426.72263,182.38892,435.2677,262.59442
431.5977,184.19067,435.2677,262.59442
436.43088,185.97693,434.30612,269.15924
441.22272,187.74792,433.34644,275.71094
445.9737,189.50378,432.3887,282.24963
426.72263,182.38892,431.43286,288.7752
431.5977,184.19067,430.4789,295.28778
436.43088,185.97693,429.5269,301.78735
441.22272,187.74792,430.4789,295.28778
431.4767,188.60748,429.5269,301.7873
429.91574,194.85944,428.57675,308.274
428.5034,201.13043,427.6285,314.7478
427.24423,207.42548,426.6821,321.20874
426.1414,213.74847,425.73764,327.65686
441.07794,222.92761,424.795,334.09222
440.10468,229.57208,422.57196,321.00287
439.1334,236.20306,418.4971,320.79877
438.16406,242.8208,414.45712,320.59637
437.19666,249.4253,410.45157,320.39575
436.2312,256.01642,406.47998,320.19678
435.2677,262.59442,402.54196,319.99945
435.2677,262.59442,398.63702,319.80383
434.30612,269.15924,394.76483,319.60986
433.34644,275.71094,402.54196,319.99945
432.3887,282.24963,398.63702,319.80383
431.43286,288.7752,394.76483,319.60986
430.4789,295.28778,390.92493,319.41754
429.5269,301.78735,387.11694,319.2268
430.4789,295.28778,383.34045,319.03766
429.5269,301.7873,379.59506,318.84998
428.57675,308.274,375.88037,318.66394
427.6285,314.7478,372.19608,318.47937
438.29135,317.1739,383.34045,319.03766
425.73764,327.65686,379.59506,318.84998
424.795,334.09222,375.88037,318.66394
434.44238,321.8001,372.19608,318.47937
430.21634,323.19513,368.54178,318.29626
425.91306,324.5536,364.91705,318.1147
410.45157,320.39575,361.32162,317.93463
406.47998,320.19678,357.75507,317.75592
412.5667,328.26886,354.21707,317.57867
398.63702,319.80383,364.91705,318.1147
394.76483,319.60986,361.32162,317.93463
410.26926,331.89624,357.75507,317.75592
405.43973,332.63892,354.2171,317.57867
400.578,333.24957,350.70737,317.4029
395.69315,333.7213,347.22546,317.22845
387.11694,319.2268,343.77115,317.05542
383.34045,319.03766,340.34402,316.88373
379.59506,318.84998,336.94385,316.71338
375.88037,318.66394,333.57022,316.54443
372.19608,318.47937,346.05646,316.31305
383.34045,319.03766,341.3695,315.21478
379.59506,318.84998,336.6462,314.1079
375.88037,318.66394,331.88602,312.99243
372.19608,318.47937,327.08853,311.86823
368.54178,318.29626,322.25327,310.7351
364.91705,318.1147,317.37985,309.59314
361.32162,317.93463,312.46786,308.44208
357.75507,317.75592,307.5167,307.28186
354.21707,317.57867,302.52597,306.11243
364.91705,318.1147,297.49527,304.93353
361.32162,317.93463,292.42404,303.74518
357.75507,317.75592,287.31174,302.54718
354.2171,317.57867,282.158,301.33948
354.9945,303.1339,276.96216,300.12195
347.22546,317.22845,271.72385,298.8944
343.77115,317.05542,271.72385,298.8944
340.34402,316.88373,266.44244,297.6568
336.94385,316.71338,261.11743,296.409
333.57022,316.54443,255.7483,295.15088
345.12735,302.07294,250.33449,293.88214
339.5618,301.44952,244.87541,292.60297
336.6462,314.1079,239.37053,291.31293
328.39713,300.5993,244.87541,292.60297
322.81378,300.3601,239.37053,291.31293
317.23956,300.2342,233.81926,290.0121
311.68127,300.21198,228.22101,288.70026
306.1447,300.28326,222.57512,287.37726
300.63553,300.43585,216.88112,286.0429
302.52597,306.11243,211.13823,284.6972
297.49527,304.93353,223.33215,280.7655
292.42404,303.74518,224.0907,274.14044
287.31174,302.54718,224.85077,267.50195
282.158,301.33948,225.6124,260.8499
276.96216,300.12195,226.37556,254.18445
271.72385,298.8944,227.14024,247.50537
271.72385,298.8944,227.90652,240.81274
266.44244,297.6568,228.67438,234.1065
261.11743,296.409,227.14029,247.50537
255.7483,295.15088,227.90652,240.81274
250.33449,293.88214,228.67438,234.1065
244.87541,292.60297,229.44377,227.3866
239.37053,291.31293,230.21475,220.6529
244.87541,292.60297,230.9873,213.90552
239.37053,291.31293,231.76141,207.14423
233.81926,290.0121,232.53714,200.36914
228.22101,288.70026,233.31445,193.58026
222.57512,287.37726,230.9873,213.90552
216.88112,286.0429,231.76141,207.14423
211.13823,284.6972,232.53711,200.36914
223.33215,280.7655,233.31445,193.58026
236.15448,275.13898,234.09334,186.77728
237.9864,268.78802,234.87383,179.96051
239.6847,262.42908,235.65593,173.12964
226.37556,254.18445,236.43968,166.28467
227.14024,247.50537,237.22498,159.42566
227.90652,240.81274,234.87383,179.96051
228.67438,234.1065,235.65593,173.12964
227.14029,247.50537,236.43968,166.28467
244.31651,244.03381,237.22498,159.42566
244.91046,237.55786,238.01193,152.55249
245.34273,231.05304,238.8005,145.66504
245.61696,224.5163,239.59068,138.76343
230.9873,213.90552,240.38255,131.84753
231.76141,207.14423,241.17603,124.91736
232.53714,200.36914,241.97115,117.97266
233.31445,193.58026,243.70706,154.48499
230.9873,213.90552,249.35316,156.40088
231.76141,207.14423,254.95099,158.3003
232.53711,200.36914,260.501,160.18347
233.31445,193.58026,266.00394,162.05078
234.09334,186.77728,271.46033,163.9021
234.87383,179.96051,276.87082,165.73804
235.65593,173.12964,282.23587,167.55847
236.43968,166.28467,287.55618,169.36389
237.22498,159.42566,292.83228,171.15417
234.87383,179.96051,298.06467,172.92957
235.65593,173.12964,303.25388,174.69043
236.43968,166.28467,308.4005,176.4367
237.22498,159.42566,313.505,178.16882
239.58672,135.39734,318.56796,179.88684
238.8005,145.66504,323.5898,181.59082
239.59068,138.76343,323.5898,181.59082
240.38255,131.84753,328.57114,183.28107
241.17603,124.91736,333.51236,184.9577
241.97115,117.97266,338.41397,186.62097
243.70706,154.48499,343.27646,188.27087
244.96132,144.8374,348.10028,189.90771
249.80673,148.07898,352.8859,191.53162
260.501,160.18347,348.10028,189.90771
259.50803,154.75098,352.8859,191.53162
271.46033,163.9021,357.63376,193.14264
269.2728,161.57727,362.34433,194.74103
274.1951,165.01074,367.01804,196.3269
279.15112,168.43799,371.6553,197.90039
284.14545,171.8435,376.25656,199.46173
298.06467,172.92957,366.1881,202.48761
303.25388,174.69043,365.35968,208.63678
308.4005,176.4367,364.53284,214.77472
313.505,178.16882,363.70752,220.90125
318.56796,179.88684,362.88373,227.0163
323.5898,181.59082,362.06143,233.12018
323.5898,181.59082,361.24072,239.2127
328.57114,183.28107,360.42145,245.29395
333.51236,184.9577,362.06143,233.12018
338.41397,186.62097,361.24072,239.2127
343.27646,188.27087,360.42145,245.29395
348.10028,189.90771,359.60373,251.36401
352.8859,191.53162,358.7875,257.42297
348.10028,189.90771,357.97278,263.47058
352.8859,191.53162,357.15958,269.5072
357.63376,193.14264,356.34787,275.53265
362.34433,194.74103,355.53763,281.54712
378.34985,196.36163,357.97278,263.47058
371.6553,197.90039,357.15958,269.5072
376.25656,199.46173,356.34787,275.53265
379.79193,203.74005,355.53763,281.54712
379.4435,210.27246,354.7289,287.55048
378.95584,216.75824,353.92163,293.5429
378.3265,223.19427,353.11584,299.52423
362.88373,227.0163,352.31152,305.4947
362.06143,233.12018,351.5087,311.45422
375.58435,242.1773,353.92163,293.5429
360.42145,245.29395,353.11584,299.52423
375.54337,236.43402,352.31152,305.4947
374.08014,242.58704,351.50873,311.45422
372.496,248.68152,350.70737,317.4029
370.7986,254.71838,349.90744,323.34064
368.9972,260.6996,349.109,329.2677
357.97278,263.47058,348.312,335.18384
357.15958,269.5072,347.51648,341.08923
356.34787,275.53265,346.72235,346.9839
355.53763,281.54712,349.90744,323.34064
362.01144,266.12012,349.109,329.2677
359.80435,271.87598,348.312,335.18384
357.57562,277.597,347.51648,341.08923
355.33884,283.28778,346.72235,346.9839
353.10712,288.953,345.9297,352.86786
350.89423,294.5979,345.1385,358.7411
348.713,300.22705,344.34872,364.60376
352.31152,305.4947,343.56033,370.45575
351.5087,311.45422,342.77344,376.29718
345.64044,293.453,341.9879,382.12793
343.70593,299.0869,341.20386,387.9483
341.864,304.72626,340.4212,393.75818
340.12494,310.37537,339.63995,399.55743
338.49805,316.03833,338.8601,405.3463
336.99124,321.7185,338.08167,411.12476
349.109,329.2677,334.22723,404.60577
348.312,335.18384,329.55896,403.85962
347.51648,341.08923,324.85492,403.1078
346.72235,346.9839,320.1147,402.3501
349.90744,323.34064,315.3378,401.58655
349.109,329.2677,310.52383,400.81708
348.312,335.18384,305.67245,400.04163
347.51648,341.08923,310.52383,400.81708
346.72235,346.9839,305.67245,400.04163
345.9297,352.86786,300.78314,399.26013
345.1385,358.7411,295.85544,398.47247
344.34872,364.60376,290.8889,397.6786
343.56033,370.45575,285.8831,396.87854
342.77344,376.29718,280.83752,396.07202
341.9879,382.12793,285.8831,396.87854
341.20386,387.9483,280.83752,396.07202
340.4212,393.75818,275.75174,395.2591
339.63995,399.55743,270.62527,394.4397
331.56207,414.64825,265.45758,393.61365
338.08167,411.12476,260.24817,392.78107
327.99994,415.96686,254.9966,391.9416
329.55896,403.85962,249.70226,391.09534
319.95306,416.1491,260.24817,392.78107
315.95038,416.0498,254.9966,391.9416
311.95145,415.81287,249.70229,391.0954
307.94775,415.43127,244.36472,390.24225
303.93097,414.89978,238.98337,389.38208
309.6294,415.6535,233.55775,388.51483
305.6389,414.82465,228.08722,387.64044
300.78314,399.26013,222.57132,386.75873
295.85544,398.47247,217.00935,385.86975
293.396,411.40112,233.55775,388.51483
289.1942,409.95367,228.08722,387.64044
284.9171,408.3601,222.57132,386.7588
290.71005,408.16528,217.00935,385.86975
286.34286,406.3225,211.40085,384.97333
281.87796,404.35803,205.7452,384.06927
277.3083,402.28278,200.04181,383.1577
265.45758,393.61365,194.29002,382.23822
260.24817,392.78107,188.48923,381.31116
254.9966,391.9416,212.1354,378.55768
249.70226,391.09534,212.87143,372.12915
260.24817,392.78107,213.60895,365.68793
254.9966,391.9416,214.3479,359.23376
249.70229,391.0954,215.08835,352.76672
244.36472,390.24225,215.83028,346.28668
238.98337,389.38208,216.5737,339.7937
233.55775,388.51483,217.3186,333.2876
228.08722,387.64044,218.06505,326.7685
222.57132,386.75873,218.81293,320.2362
217.00935,385.86975,215.83028,346.28668
233.55775,388.51483,216.5737,339.7937
228.08722,387.64044,217.31863,333.28766
222.57132,386.7588,218.06505,326.7685
217.00935,385.86975,218.81293,320.2362
211.40085,384.97333,219.56236,313.69092
205.7452,384.06927,220.31326,307.1324
200.04181,383.1577,221.06569,300.5606
194.29002,382.23822,221.81966,293.97552
188.48923,381.31116,222.57512,287.37726
212.1354,378.55768,228.22101,288.70026
212.87143,372.12915,233.81926,290.0121
213.60895,365.68793,239.37053,291.31293
214.3479,359.23376,244.87541,292.60297
215.08835,352.76672,250.33449,293.88214
215.83028,346.28668,255.7483,295.15088
216.5737,339.7937,255.7483,295.15088
217.3186,333.2876,261.11743,296.409
218.06505,326.7685,266.44244,297.6568
218.81293,320.2362,271.72385,298.8944
215.83028,346.28668,276.96216,300.12195
216.5737,339.7937,282.158,301.33948
217.31863,333.28766,287.31174,302.54718
218.06505,326.7685,282.158,301.33948
218.81293,320.2362,287.31174,302.54718
219.56236,313.69092,292.42404,303.74518
220.31326,307.1324,297.49527,304.93353
221.06569,300.5606,302.52597,306.11243
221.81966,293.97552,307.5167,307.28186
222.57512,287.37726,312.46786,308.44208
220.7737,299.1706,307.5167,307.28186
226.77321,301.62018,312.46786,308.44208
232.79962,303.93793,317.37985,309.59314
238.84924,306.11487,322.25327,310.7351
244.91785,308.14374,327.08853,311.86823
251.00021,310.0183,331.88602,312.99243
255.7483,295.15088,336.6462,314.1079
261.11743,296.409,341.3695,315.21478
263.9951,313.50568,331.88602,312.99243
270.1105,314.73724,336.6462,314.1079
276.20505,315.80396,341.3695,315.21478
282.2709,316.70825,346.05646,316.31305
287.31174,302.54718,350.70737,317.4029
284.0079,315.75177,355.32263,318.48444
287.31174,302.54718,359.90274,319.55768
292.42404,303.74518,364.4481,320.6228
297.49527,304.93353,368.95898,321.6798
302.52597,306.11243,351.50873,311.45422
307.5167,307.28186,352.31152,305.4947
312.46786,308.44208,353.11584,299.52423
307.5167,307.28186,353.92163,293.5429
312.46786,308.44208,354.7289,287.55048
317.37985,309.59314,355.53763,281.54712
322.25327,310.7351,356.34787,275.53265
327.08853,311.86823,357.15958,269.5072
331.88602,312.99243,357.97278,263.47058
336.6462,314.1079,355.53763,281.54712
341.3695,315.21478,356.34787,275.53265
331.88602,312.99243,357.15958,269.5072
336.6462,314.1079,357.97278,263.47058
341.3695,315.21478,358.7875,257.42297
346.05646,316.31305,359.60373,251.36401
352.94678,319.03015,360.42145,245.29395
355.32263,318.48444,361.24072,239.2127
359.90274,319.55768,362.06143,233.12018
364.4481,320.6228,362.88373,227.0163
368.95898,321.6798,359.60373,251.36401
346.67603,311.91602,360.42145,245.29395
346.1358,305.75134,361.24072,239.2127
345.65475,299.56396,362.06143,233.12018
345.24606,293.35455,362.88373,227.0163
344.92166,287.12378,363.70752,220.90125
344.69327,280.87286,364.53284,214.77472
344.57187,274.60297,365.35968,208.63678
357.15958,269.5072,366.1881,202.48761
357.97278,263.47058,367.01804,196.3269
355.53763,281.54712,371.6553,197.90039
356.34787,275.53265,376.25656,199.46173
357.15958,269.5072,380.8222,201.01086
357.97278,263.47058,385.35266,202.54828
358.7875,257.42297,389.8484,204.07367
359.60373,251.36401,394.3097,205.58752
360.42145,245.29395,394.3097,205.58752
361.24072,239.2127,398.73703,207.08984
362.06143,233.12018,403.13077,208.58075
362.88373,227.0163,407.49127,210.0603
359.60373,251.36401,411.81897,211.52881
360.42145,245.29395,416.11417,212.98627
361.24072,239.2127,420.37726,214.4328
362.06143,233.12018,416.11417,212.98627
362.88373,227.0163,420.37726,214.4328
363.70752,220.90125,424.6086,215.86859
364.53284,214.77472,428.80853,217.2937
365.35968,208.63678,432.97745,218.70831
366.1881,202.48761,437.11563,220.11249
359.9625,209.0149,441.22345,221.50641
365.21606,211.32715,437.11563,220.11249
370.50052,213.49225,441.22345,221.50641
375.80963,215.50513,445.30124,222.89008
381.13693,217.36249,449.3493,224.26367
386.47482,219.06207,453.36804,225.62726
391.8157,220.60315,457.35767,226.98102
394.3097,205.58752,461.31854,228.32507
398.73703,207.08984,465.25104,229.65936
403.13077,208.58075,457.35767,226.98102
408.7081,223.79681,461.31854,228.32507
413.96475,224.58887,465.25098,229.65936
419.1707,225.24622,469.1553,230.98425
424.31665,225.7774,473.03174,232.29962
416.11417,212.98627,476.88074,233.60565
425.95538,223.69238,480.7024,234.9024
424.6086,215.86859,484.4972,236.19006
428.80853,217.2937,488.26526,237.46863
432.97745,218.70831,476.88074,233.60565
445.2772,224.15265,480.70245,234.9024
449.84253,224.13104,484.4972,236.19006
437.11563,220.11249,488.2652,237.46863
450.4852,221.23792,492.00693,238.73822
454.7506,221.19055,495.72244,239.99908
458.89084,221.16052,499.4122,241.25104
453.36804,225.62726,503.0763,242.49432
457.35767,226.98102,506.71515,243.72906
461.31854,228.32507,491.1601,244.21692
465.25104,229.65936,490.31473,249.68646
457.35767,226.98102,489.47073,255.14703
461.31854,228.32507,488.62814,260.59845
465.25098,229.65936,487.78702,266.0409
469.1553,230.98425,486.9472,271.4743
473.03174,232.29962,486.1088,276.89868
476.88074,233.60565,485.27185,282.3141
480.7024,234.9024,484.4362,287.72058
484.4972,236.19006,483.6019,293.1181
488.26526,237.46863,486.9472,271.4743
476.88074,233.60565,486.1088,276.89868
480.70245,234.9024,485.2718,282.3141
484.4972,236.19006,484.4362,287.72058
488.2652,237.46863,483.6019,293.1181
479.84955,237.7619,482.76907,298.5067
495.72244,239.99908,481.93753,303.88647
499.4122,241.25104,481.1074,309.25732
503.0763,242.49432,480.27872,314.6194
506.71515,243.72906,479.4513,319.97266
478.12018,241.91266,478.62524,325.31708
477.4937,247.19598,477.80057,330.6527
476.99524,252.5083,476.97723,335.97968
476.62158,257.85114,476.15524,341.2978
476.36838,263.22498,475.3346,346.6073
476.2298,268.63,474.51535,351.90802
486.1088,276.89868,471.59677,345.73138
485.27185,282.3141,467.83304,344.84937
484.4362,287.72058,464.04312,343.9613
483.6019,293.1181,460.2267,343.06696
486.9472,271.4743,456.38354,342.16638
486.1088,276.89868,452.51334,341.25946
485.2718,282.3141,448.61578,340.34613
484.4362,287.72058,452.51334,341.25946
483.6019,293.1181,448.6158,340.34613
482.76907,298.5067,444.6907,339.42633
481.93753,303.88647,440.73764,338.5
481.1074,309.25732,436.75638,337.56708
480.27872,314.6194,432.74664,336.62744
479.4513,319.97266,428.70804,335.6811
478.62524,325.31708,432.7466,336.62744
477.80057,330.6527,428.70807,335.6811
476.97723,335.97968,424.64032,334.7279
476.15524,341.2978,420.54318,333.76782
474.8444,359.7802,416.41626,332.80072
474.51535,351.90802,412.25925,331.8266
471.59677,345.73138,408.0718,330.84534
467.83304,344.84937,403.85364,329.85687
464.04312,343.9613,415.60318,338.40192
460.2267,343.06696,414.79156,343.9936
456.38354,342.16638,413.98132,349.5755
452.51334,341.25946,413.17242,355.1479
448.61578,340.34613,412.36496,360.71063
452.51334,341.25946,411.5589,366.26385
448.6158,340.34613,410.75418,371.80756
444.6907,339.42633,409.9509,377.34174
440.73764,338.5,409.14893,382.86646
436.75638,337.56708,411.5589,366.26385
432.74664,336.62744,410.75418,371.80756
428.70804,335.6811,409.95087,377.34174
432.7466,336.62744,409.14893,382.86646
428.70807,335.6811,408.34836,388.38165
424.64032,334.7279,407.54916,393.88745
420.54318,333.76782,406.75134,399.3838
416.41626,332.80072,405.95486,404.8708
412.25925,331.8266,405.15976,410.34845
408.0718,330.84534,407.54916,393.88745
403.85364,329.85687,406.75134,399.3838
413.74716,339.1582,405.95486,404.8708
411.62558,344.44714,405.15976,410.34845
409.53726,349.72675,404.366,415.81677
407.49454,355.0011,403.57358,421.2757
405.50858,360.2743,402.78256,426.72546
411.5589,366.26385,401.99286,432.16583
410.75418,371.80756,401.20447,437.597
409.9509,377.34174,400.41745,443.01898
409.14893,382.86646,408.48337,416.4748
411.5589,366.26385,412.57144,417.1283
410.75418,371.80756,416.63052,417.7771
409.95087,377.34174,420.66086,418.42133
409.14893,382.86646,424.66287,419.06097
408.34836,388.38165,428.63672,419.69617
407.54916,393.88745,432.5828,420.3269
406.75134,399.3838,436.5013,420.95325
405.95486,404.8708,440.39267,421.57526
405.15976,410.34845,444.25705,422.19287
407.54916,393.88745,448.0948,422.80634
406.75134,399.3838,451.9061,423.41553
405.95486,404.8708,455.6913,424.02057
405.15976,410.34845,459.45065,424.62146
395.68848,415.30914,463.18445,425.21826
403.57358,421.2757,466.8929,425.81104
402.78256,426.72546,462.38495,430.39117
401.99286,432.16583,461.5867,435.5558
401.20447,437.597,460.78976,440.71204
400.41745,443.01898,459.99408,445.86
408.48337,416.4748,459.1997,450.99963
412.57144,417.1283,458.4066,456.13104
416.63052,417.7771,457.61475,461.25415
420.66086,418.42133,456.0349,471.4757
424.66287,419.06097,456.8242,466.36908
428.63672,419.69617,457.61475,461.25415
432.5828,420.3269,458.4066,456.13104
436.5013,420.95325,459.1997,450.99963
440.39267,421.57526,459.99408,445.86
444.25705,422.19287,460.78976,440.71204
448.0948,422.80634,459.99408,445.86
451.9061,423.41553,460.78976,440.71204
455.6913,424.02057,461.5867,435.5558
459.45065,424.62146,462.38495,430.39117
484.82193,446.49536,463.18445,425.21826
466.8929,425.81104,463.98532,420.03693
475.04694,432.3791,464.78745,414.84717
461.5867,435.5558,465.59088,409.649
460.78976,440.71204,459.45065,424.62146
459.99408,445.86,455.6913,424.02057
459.1997,450.99963,451.9061,423.41553
458.4066,456.13104,448.0948,422.80634
457.61475,461.25415,444.25705,422.19287
456.0349,471.4757,440.39267,421.57526
456.8242,466.36908,436.5013,420.95325
457.61475,461.25415,432.5828,420.3269
458.4066,456.13104,428.63672,419.69617
459.1997,450.99963,440.39267,421.57526
459.99408,445.86,436.50134,420.95325
460.78976,440.71204,432.5828,420.3269
459.99408,445.86,428.63672,419.69617
460.78976,440.71204,424.66287,419.06097
461.5867,435.5558,420.6609,418.42133
462.38495,430.39117,416.63052,417.7771
463.18445,425.21826,412.57147,417.1283
463.98532,420.03693,408.48337,416.4748
464.78745,414.84717,420.66086,418.42133
465.59088,409.649,416.63055,417.7771
463.59015,412.33075,412.57144,417.1283
459.00873,411.30023,408.48337,416.4748
454.3704,410.39215,404.366,415.81677
449.68326,409.61017,400.21896,415.15387
444.95633,408.9566,396.042,414.48627
440.39267,421.57526,391.83475,413.81372
436.5013,420.95325,387.59686,413.13635
432.5828,420.3269,383.328,412.45398
428.63672,419.69617,405.15976,410.34845
440.39267,421.57526,405.95486,404.8708
436.50134,420.95325,406.75134,399.3838
432.5828,420.3269,407.54916,393.88745
428.63672,419.69617,408.34836,388.38165
424.66287,419.06097,409.14893,382.86646
420.6609,418.42133,409.95087,377.34174
416.63052,417.7771,410.75418,371.80756
412.57147,417.1283,411.5589,366.26385
408.48337,416.4748,412.36496,360.71063
420.66086,418.42133,413.17242,355.1479
416.63055,417.7771,413.98132,349.5755
412.57144,417.1283,414.79156,343.9936
408.48337,416.4748,415.60318,338.40192
397.8611,414.755,416.41626,332.80072
400.21896,415.15387,417.23074,327.18976
396.042,414.48627,412.25925,331.8266
391.83475,413.81372,408.0718,330.84534
387.59686,413.13635,403.85364,329.85687
383.328,412.45398,399.60434,328.86115
405.15976,410.34845,395.32364,327.85797
405.95486,404.8708,391.0111,326.8474
406.75134,399.3838,386.66644,325.82935
407.54916,393.88745,391.0111,326.8474
408.34836,388.38165,386.66644,325.82935
409.14893,382.86646,382.28928,324.80365
409.95087,377.34174,377.8792,323.77014
410.75418,371.80756,373.4359,322.72894
411.5589,366.26385,368.95898,321.6798
412.36496,360.71063,364.4481,320.6228
413.17242,355.1479,368.95898,321.6798
413.98132,349.5755,364.4481,320.6228
414.79156,343.9936,359.90274,319.55768
415.60318,338.40192,355.32263,318.48444
421.43817,342.96857,350.70737,317.4029
417.23074,327.18976,346.05646,316.31305
412.25925,331.8266,341.3695,315.21478
408.0718,330.84534,336.6462,314.1079
403.85364,329.85687,354.2171,317.57867
399.60434,328.86115,357.75507,317.75592
395.32364,327.85797,361.32162,317.93463
391.0111,326.8474,364.91705,318.1147
386.66644,325.82935,368.54178,318.29626
391.0111,326.8474,372.19608,318.47937
386.66644,325.82935,375.88037,318.66394
382.28928,324.80365,379.59506,318.84998
377.8792,323.77014,383.34045,319.03766
373.4359,322.72894,387.11694,319.2268
368.95898,321.6798,390.92493,319.41754
364.4481,320.6228,394.76483,319.60986
368.95898,321.6798,398.63702,319.80383
364.4481,320.6228,402.54196,319.99945
359.90274,319.55768,406.47998,320.19678
355.32263,318.48444,410.45157,320.39575
339.01584,319.76294,414.45712,320.59637
346.05646,316.31305,418.4971,320.79877
341.3695,315.21478,422.57196,321.00287
336.6462,314.1079,426.6821,321.20874
354.2171,317.57867,427.6285,314.7478
357.75507,317.75592,428.57675,308.274
361.32162,317.93463,429.5269,301.7873
364.91705,318.1147,430.4789,295.28778
368.54178,318.29626,431.43286,288.7752
372.19608,318.47937,432.3887,282.24963
375.88037,318.66394,433.34644,275.71094
379.59506,318.84998,434.30612,269.15924
383.34045,319.03766,435.2677,262.59442
387.11694,319.2268,436.2312,256.01642
390.92493,319.41754,437.19666,249.4253
394.76483,319.60986,438.16406,242.8208
398.63702,319.80383,439.1334,236.20306
402.54196,319.99945,440.10468,229.57208
406.47998,320.19678,441.07794,222.92761
410.45157,320.39575,442.0531,216.2699
414.45712,320.59637,443.03027,209.59863
418.4971,320.79877,444.00946,202.91388
422.57196,321.00287,444.99057,196.2157
